Degree,Count
0.0,320781
1.0,19680
2.0,12947
3.0,9930
4.0,7985
5.0,6588
6.0,5705
7.0,4859
8.0,4246
9.0,3863
10.0,3578
11.0,3132
12.0,2942
13.0,2713
14.0,2475
15.0,2265
16.0,2114
17.0,2048
18.0,1883
19.0,1783
20.0,1712
21.0,1633
22.0,1533
23.0,1473
24.0,1421
25.0,1330
26.0,1296
27.0,1288
28.0,1221
29.0,1093
30.0,1140
31.0,1066
32.0,977
33.0,1012
34.0,953
35.0,979
36.0,933
37.0,855
38.0,823
39.0,794
40.0,785
41.0,752
42.0,713
43.0,726
44.0,664
45.0,685
46.0,688
47.0,651
48.0,631
49.0,632
50.0,617
51.0,553
52.0,582
53.0,613
54.0,542
55.0,549
56.0,552
57.0,589
58.0,518
59.0,547
60.0,468
61.0,473
62.0,485
63.0,478
64.0,481
65.0,473
66.0,455
67.0,441
68.0,449
69.0,438
70.0,381
71.0,385
72.0,387
73.0,425
74.0,412
75.0,383
76.0,367
77.0,383
78.0,343
79.0,337
80.0,375
81.0,359
82.0,332
83.0,361
84.0,332
85.0,347
86.0,323
87.0,309
88.0,305
89.0,284
90.0,305
91.0,321
92.0,303
93.0,282
94.0,262
95.0,259
96.0,284
97.0,304
98.0,302
99.0,279
100.0,278
101.0,280
102.0,271
103.0,278
104.0,252
105.0,274
106.0,221
107.0,255
108.0,253
109.0,259
110.0,207
111.0,226
112.0,241
113.0,224
114.0,248
115.0,265
116.0,236
117.0,254
118.0,226
119.0,213
120.0,202
121.0,235
122.0,219
123.0,197
124.0,220
125.0,175
126.0,209
127.0,166
128.0,199
129.0,209
130.0,184
131.0,186
132.0,198
133.0,184
134.0,173
135.0,191
136.0,197
137.0,167
138.0,181
139.0,197
140.0,165
141.0,183
142.0,173
143.0,189
144.0,176
145.0,171
146.0,185
147.0,162
148.0,158
149.0,163
150.0,183
151.0,175
152.0,162
153.0,174
154.0,169
155.0,160
156.0,156
157.0,134
158.0,166
159.0,154
160.0,164
161.0,143
162.0,158
163.0,137
164.0,154
165.0,168
166.0,136
167.0,160
168.0,139
169.0,133
170.0,143
171.0,118
172.0,126
173.0,129
174.0,149
175.0,136
176.0,141
177.0,154
178.0,132
179.0,148
180.0,123
181.0,140
182.0,147
183.0,130
184.0,125
185.0,122
186.0,126
187.0,117
188.0,89
189.0,125
190.0,119
191.0,141
192.0,113
193.0,122
194.0,124
195.0,119
196.0,115
197.0,125
198.0,121
199.0,121
200.0,150
201.0,125
202.0,118
203.0,117
204.0,115
205.0,107
206.0,101
207.0,120
208.0,112
209.0,123
210.0,109
211.0,116
212.0,109
213.0,102
214.0,93
215.0,128
216.0,107
217.0,119
218.0,130
219.0,99
220.0,99
221.0,91
222.0,102
223.0,103
224.0,103
225.0,87
226.0,113
227.0,109
228.0,101
229.0,94
230.0,88
231.0,91
232.0,88
233.0,114
234.0,109
235.0,85
236.0,107
237.0,78
238.0,86
239.0,85
240.0,73
241.0,98
242.0,86
243.0,73
244.0,102
245.0,97
246.0,82
247.0,103
248.0,89
249.0,96
250.0,99
251.0,89
252.0,98
253.0,87
254.0,86
255.0,86
256.0,97
257.0,79
258.0,77
259.0,94
260.0,72
261.0,73
262.0,85
263.0,80
264.0,71
265.0,81
266.0,84
267.0,83
268.0,82
269.0,86
270.0,72
271.0,88
272.0,82
273.0,94
274.0,88
275.0,89
276.0,64
277.0,86
278.0,97
279.0,79
280.0,66
281.0,71
282.0,79
283.0,83
284.0,80
285.0,86
286.0,77
287.0,85
288.0,85
289.0,59
290.0,66
291.0,73
292.0,69
293.0,67
294.0,71
295.0,69
296.0,70
297.0,59
298.0,88
299.0,64
300.0,76
301.0,81
302.0,85
303.0,74
304.0,73
305.0,66
306.0,62
307.0,77
308.0,68
309.0,69
310.0,64
311.0,72
312.0,61
313.0,80
314.0,73
315.0,63
316.0,58
317.0,76
318.0,62
319.0,64
320.0,68
321.0,57
322.0,63
323.0,49
324.0,50
325.0,64
326.0,70
327.0,60
328.0,58
329.0,61
330.0,65
331.0,60
332.0,58
333.0,71
334.0,55
335.0,69
336.0,64
337.0,74
338.0,75
339.0,53
340.0,65
341.0,63
342.0,58
343.0,33
344.0,42
345.0,42
346.0,76
347.0,55
348.0,67
349.0,55
350.0,62
351.0,51
352.0,60
353.0,43
354.0,85
355.0,59
356.0,53
357.0,62
358.0,51
359.0,48
360.0,54
361.0,52
362.0,47
363.0,63
364.0,56
365.0,54
366.0,47
367.0,53
368.0,50
369.0,53
370.0,52
371.0,67
372.0,57
373.0,43
374.0,49
375.0,56
376.0,37
377.0,53
378.0,54
379.0,54
380.0,43
381.0,43
382.0,64
383.0,40
384.0,42
385.0,49
386.0,40
387.0,53
388.0,38
389.0,48
390.0,46
391.0,61
392.0,49
393.0,42
394.0,44
395.0,60
396.0,51
397.0,66
398.0,37
399.0,35
400.0,43
401.0,44
402.0,38
403.0,34
404.0,55
405.0,48
406.0,40
407.0,43
408.0,43
409.0,43
410.0,43
411.0,57
412.0,63
413.0,55
414.0,42
415.0,47
416.0,41
417.0,38
418.0,51
419.0,33
420.0,45
421.0,40
422.0,45
423.0,58
424.0,60
425.0,35
426.0,49
427.0,33
428.0,46
429.0,46
430.0,37
431.0,44
432.0,47
433.0,39
434.0,57
435.0,45
436.0,38
437.0,39
438.0,40
439.0,32
440.0,48
441.0,47
442.0,38
443.0,41
444.0,44
445.0,39
446.0,47
447.0,43
448.0,36
449.0,48
450.0,39
451.0,36
452.0,37
453.0,45
454.0,38
455.0,48
456.0,42
457.0,43
458.0,39
459.0,29
460.0,40
461.0,41
462.0,41
463.0,35
464.0,34
465.0,46
466.0,42
467.0,47
468.0,50
469.0,47
470.0,39
471.0,27
472.0,43
473.0,49
474.0,49
475.0,37
476.0,42
477.0,37
478.0,35
479.0,30
480.0,37
481.0,27
482.0,28
483.0,42
484.0,37
485.0,33
486.0,37
487.0,30
488.0,39
489.0,35
490.0,41
491.0,44
492.0,31
493.0,31
494.0,32
495.0,41
496.0,46
497.0,38
498.0,36
499.0,31
500.0,33
501.0,24
502.0,46
503.0,43
504.0,39
505.0,33
506.0,42
507.0,29
508.0,22
509.0,29
510.0,26
511.0,34
512.0,35
513.0,37
514.0,31
515.0,34
516.0,45
517.0,26
518.0,34
519.0,33
520.0,30
521.0,32
522.0,38
523.0,27
524.0,35
525.0,35
526.0,24
527.0,34
528.0,33
529.0,36
530.0,36
531.0,31
532.0,36
533.0,29
534.0,29
535.0,39
536.0,29
537.0,35
538.0,35
539.0,32
540.0,27
541.0,37
542.0,32
543.0,44
544.0,25
545.0,30
546.0,32
547.0,31
548.0,27
549.0,38
550.0,34
551.0,20
552.0,23
553.0,33
554.0,28
555.0,29
556.0,26
557.0,33
558.0,37
559.0,31
560.0,20
561.0,37
562.0,25
563.0,42
564.0,25
565.0,27
566.0,26
567.0,34
568.0,21
569.0,22
570.0,19
571.0,30
572.0,30
573.0,27
574.0,38
575.0,38
576.0,23
577.0,23
578.0,21
579.0,30
580.0,26
581.0,31
582.0,38
583.0,27
584.0,31
585.0,34
586.0,27
587.0,34
588.0,20
589.0,28
590.0,24
591.0,21
592.0,25
593.0,36
594.0,28
595.0,27
596.0,26
597.0,29
598.0,27
599.0,25
600.0,25
601.0,29
602.0,25
603.0,35
604.0,29
605.0,22
606.0,41
607.0,15
608.0,23
609.0,25
610.0,36
611.0,34
612.0,31
613.0,21
614.0,32
615.0,25
616.0,21
617.0,25
618.0,29
619.0,22
620.0,29
621.0,36
622.0,23
623.0,23
624.0,24
625.0,19
626.0,31
627.0,16
628.0,35
629.0,31
630.0,19
631.0,27
632.0,36
633.0,20
634.0,31
635.0,24
636.0,20
637.0,27
638.0,25
639.0,23
640.0,23
641.0,25
642.0,24
643.0,22
644.0,22
645.0,21
646.0,18
647.0,27
648.0,24
649.0,28
650.0,26
651.0,20
652.0,28
653.0,23
654.0,18
655.0,23
656.0,23
657.0,23
658.0,21
659.0,20
660.0,29
661.0,21
662.0,30
663.0,27
664.0,24
665.0,25
666.0,26
667.0,17
668.0,19
669.0,18
670.0,16
671.0,26
672.0,24
673.0,29
674.0,20
675.0,29
676.0,21
677.0,20
678.0,20
679.0,33
680.0,25
681.0,22
682.0,28
683.0,20
684.0,19
685.0,25
686.0,24
687.0,27
688.0,22
689.0,20
690.0,21
691.0,20
692.0,18
693.0,15
694.0,26
695.0,17
696.0,21
697.0,19
698.0,23
699.0,18
700.0,25
701.0,24
702.0,23
703.0,24
704.0,25
705.0,16
706.0,23
707.0,23
708.0,21
709.0,17
710.0,14
711.0,12
712.0,34
713.0,19
714.0,25
715.0,17
716.0,22
717.0,28
718.0,15
719.0,15
720.0,17
721.0,28
722.0,22
723.0,21
724.0,19
725.0,28
726.0,19
727.0,15
728.0,18
729.0,15
730.0,19
731.0,17
732.0,19
733.0,26
734.0,22
735.0,20
736.0,19
737.0,18
738.0,27
739.0,17
740.0,19
741.0,23
742.0,25
743.0,13
744.0,23
745.0,18
746.0,17
747.0,19
748.0,17
749.0,12
750.0,26
751.0,10
752.0,15
753.0,25
754.0,20
755.0,17
756.0,24
757.0,18
758.0,16
759.0,19
760.0,19
761.0,24
762.0,17
763.0,15
764.0,14
765.0,20
766.0,16
767.0,21
768.0,27
769.0,15
770.0,26
771.0,15
772.0,15
773.0,18
774.0,21
775.0,19
776.0,27
777.0,18
778.0,12
779.0,21
780.0,17
781.0,21
782.0,19
783.0,20
784.0,17
785.0,21
786.0,24
787.0,16
788.0,13
789.0,22
790.0,25
791.0,20
792.0,24
793.0,13
794.0,17
795.0,11
796.0,21
797.0,14
798.0,12
799.0,16
800.0,13
801.0,19
802.0,30
803.0,21
804.0,5
805.0,15
806.0,22
807.0,8
808.0,14
809.0,20
810.0,13
811.0,10
812.0,19
813.0,12
814.0,23
815.0,16
816.0,20
817.0,18
818.0,26
819.0,13
820.0,20
821.0,22
822.0,23
823.0,16
824.0,23
825.0,19
826.0,14
827.0,17
828.0,16
829.0,6
830.0,20
831.0,10
832.0,12
833.0,17
834.0,27
835.0,18
836.0,14
837.0,20
838.0,14
839.0,11
840.0,24
841.0,25
842.0,17
843.0,13
844.0,15
845.0,20
846.0,17
847.0,21
848.0,17
849.0,18
850.0,15
851.0,23
852.0,8
853.0,13
854.0,20
855.0,14
856.0,13
857.0,14
858.0,14
859.0,15
860.0,10
861.0,14
862.0,14
863.0,12
864.0,15
865.0,20
866.0,13
867.0,18
868.0,19
869.0,13
870.0,21
871.0,12
872.0,16
873.0,13
874.0,15
875.0,15
876.0,18
877.0,16
878.0,10
879.0,25
880.0,14
881.0,16
882.0,16
883.0,11
884.0,14
885.0,5
886.0,12
887.0,18
888.0,19
889.0,22
890.0,14
891.0,23
892.0,16
893.0,15
894.0,12
895.0,15
896.0,16
897.0,11
898.0,12
899.0,15
900.0,10
901.0,16
902.0,17
903.0,12
904.0,11
905.0,12
906.0,17
907.0,14
908.0,19
909.0,12
910.0,18
911.0,13
912.0,14
913.0,16
914.0,10
915.0,20
916.0,18
917.0,13
918.0,16
919.0,12
920.0,16
921.0,25
922.0,14
923.0,9
924.0,22
925.0,19
926.0,16
927.0,11
928.0,14
929.0,21
930.0,14
931.0,14
932.0,11
933.0,12
934.0,15
935.0,14
936.0,20
937.0,16
938.0,14
939.0,21
940.0,12
941.0,8
942.0,24
943.0,15
944.0,9
945.0,14
946.0,14
947.0,14
948.0,17
949.0,14
950.0,24
951.0,9
952.0,10
953.0,17
954.0,21
955.0,10
956.0,21
957.0,14
958.0,15
959.0,9
960.0,12
961.0,17
962.0,14
963.0,15
964.0,21
965.0,14
966.0,13
967.0,13
968.0,10
969.0,12
970.0,13
971.0,8
972.0,16
973.0,11
974.0,17
975.0,12
976.0,10
977.0,20
978.0,13
979.0,13
980.0,14
981.0,19
982.0,15
983.0,14
984.0,11
985.0,17
986.0,10
987.0,7
988.0,13
989.0,16
990.0,11
991.0,7
992.0,14
993.0,16
994.0,17
995.0,14
996.0,13
997.0,12
998.0,12
999.0,12
1000.0,10
1001.0,12
1002.0,20
1003.0,10
1004.0,10
1005.0,13
1006.0,17
1007.0,18
1008.0,7
1009.0,12
1010.0,11
1011.0,8
1012.0,13
1013.0,10
1014.0,13
1015.0,14
1016.0,13
1017.0,16
1018.0,13
1019.0,5
1020.0,11
1021.0,21
1022.0,11
1023.0,6
1024.0,9
1025.0,14
1026.0,9
1027.0,8
1028.0,11
1029.0,14
1030.0,15
1031.0,17
1032.0,9
1033.0,20
1034.0,8
1035.0,7
1036.0,9
1037.0,12
1038.0,7
1039.0,10
1040.0,19
1041.0,14
1042.0,11
1043.0,12
1044.0,10
1045.0,18
1046.0,10
1047.0,14
1048.0,10
1049.0,7
1050.0,18
1051.0,12
1052.0,8
1053.0,14
1054.0,14
1055.0,9
1056.0,15
1057.0,12
1058.0,6
1059.0,12
1060.0,13
1061.0,4
1062.0,12
1063.0,9
1064.0,13
1065.0,4
1066.0,13
1067.0,11
1068.0,13
1069.0,8
1070.0,14
1071.0,8
1072.0,11
1073.0,10
1074.0,9
1075.0,11
1076.0,14
1077.0,15
1078.0,5
1079.0,21
1080.0,15
1081.0,9
1082.0,12
1083.0,12
1084.0,14
1085.0,7
1086.0,7
1087.0,9
1088.0,16
1089.0,14
1090.0,10
1091.0,7
1092.0,11
1093.0,6
1094.0,5
1095.0,14
1096.0,10
1097.0,8
1098.0,6
1099.0,11
1100.0,7
1101.0,16
1102.0,16
1103.0,9
1104.0,9
1105.0,17
1106.0,11
1107.0,10
1108.0,16
1109.0,6
1110.0,15
1111.0,8
1112.0,15
1113.0,7
1114.0,10
1115.0,7
1116.0,15
1117.0,9
1118.0,14
1119.0,11
1120.0,14
1121.0,10
1122.0,12
1123.0,10
1124.0,10
1125.0,15
1126.0,16
1127.0,18
1128.0,13
1129.0,8
1130.0,11
1131.0,13
1132.0,8
1133.0,17
1134.0,18
1135.0,11
1136.0,10
1137.0,13
1138.0,14
1139.0,7
1140.0,12
1141.0,6
1142.0,14
1143.0,11
1144.0,11
1145.0,10
1146.0,8
1147.0,16
1148.0,9
1149.0,13
1150.0,5
1151.0,8
1152.0,5
1153.0,15
1154.0,10
1155.0,8
1156.0,11
1157.0,7
1158.0,14
1159.0,10
1160.0,7
1161.0,11
1162.0,11
1163.0,3
1164.0,13
1165.0,10
1166.0,7
1167.0,13
1168.0,10
1169.0,13
1170.0,8
1171.0,9
1172.0,6
1173.0,12
1174.0,6
1175.0,5
1176.0,8
1177.0,11
1178.0,8
1179.0,6
1180.0,8
1181.0,11
1182.0,9
1183.0,16
1184.0,4
1185.0,11
1186.0,10
1187.0,10
1188.0,11
1189.0,15
1190.0,13
1191.0,7
1192.0,9
1193.0,14
1194.0,8
1195.0,14
1196.0,7
1197.0,9
1198.0,7
1199.0,6
1200.0,10
1201.0,13
1202.0,11
1203.0,14
1204.0,10
1205.0,7
1206.0,8
1207.0,7
1208.0,12
1209.0,7
1210.0,10
1211.0,9
1212.0,10
1213.0,8
1214.0,6
1215.0,9
1216.0,11
1217.0,9
1218.0,10
1219.0,9
1220.0,6
1221.0,12
1222.0,16
1223.0,7
1224.0,18
1225.0,5
1226.0,11
1227.0,7
1228.0,12
1229.0,10
1230.0,9
1231.0,11
1232.0,9
1233.0,9
1234.0,5
1235.0,8
1236.0,12
1237.0,11
1238.0,7
1239.0,10
1240.0,12
1241.0,8
1242.0,10
1243.0,8
1244.0,10
1245.0,10
1246.0,5
1247.0,10
1248.0,10
1249.0,5
1250.0,10
1251.0,8
1252.0,17
1253.0,6
1254.0,12
1255.0,3
1256.0,8
1257.0,6
1258.0,7
1259.0,8
1260.0,7
1261.0,12
1262.0,7
1263.0,6
1264.0,12
1265.0,15
1266.0,8
1267.0,10
1268.0,7
1269.0,7
1270.0,9
1271.0,10
1272.0,8
1273.0,7
1274.0,13
1275.0,11
1276.0,8
1277.0,4
1278.0,7
1279.0,7
1280.0,8
1281.0,6
1282.0,7
1283.0,11
1284.0,4
1285.0,11
1286.0,6
1287.0,9
1288.0,9
1289.0,14
1290.0,15
1291.0,7
1292.0,9
1293.0,9
1294.0,11
1295.0,7
1296.0,7
1297.0,12
1298.0,7
1299.0,16
1300.0,4
1301.0,8
1302.0,9
1303.0,7
1304.0,7
1305.0,6
1306.0,8
1307.0,12
1308.0,8
1309.0,9
1310.0,12
1311.0,8
1312.0,7
1313.0,8
1314.0,5
1315.0,5
1316.0,12
1317.0,5
1318.0,8
1319.0,11
1320.0,8
1321.0,9
1322.0,9
1323.0,8
1324.0,5
1325.0,8
1326.0,8
1327.0,7
1328.0,6
1329.0,9
1330.0,10
1331.0,9
1332.0,13
1333.0,6
1334.0,8
1335.0,6
1336.0,8
1337.0,7
1338.0,8
1339.0,3
1340.0,14
1341.0,3
1342.0,8
1343.0,4
1344.0,9
1345.0,7
1346.0,6
1347.0,6
1348.0,8
1349.0,7
1350.0,13
1351.0,10
1352.0,11
1353.0,5
1354.0,3
1355.0,7
1356.0,7
1357.0,6
1358.0,12
1359.0,8
1360.0,9
1361.0,8
1362.0,7
1363.0,14
1364.0,9
1365.0,4
1366.0,5
1367.0,6
1368.0,10
1369.0,7
1370.0,3
1371.0,8
1372.0,7
1373.0,7
1374.0,3
1375.0,3
1376.0,9
1377.0,9
1378.0,10
1379.0,7
1380.0,9
1381.0,9
1382.0,5
1383.0,14
1384.0,6
1385.0,10
1386.0,6
1387.0,6
1388.0,10
1389.0,10
1390.0,7
1391.0,8
1392.0,10
1393.0,12
1394.0,3
1395.0,10
1396.0,10
1397.0,4
1398.0,5
1399.0,5
1400.0,7
1401.0,6
1402.0,12
1403.0,7
1404.0,8
1405.0,4
1406.0,6
1407.0,6
1408.0,6
1409.0,7
1410.0,5
1411.0,11
1412.0,7
1413.0,5
1414.0,11
1415.0,9
1416.0,8
1417.0,6
1418.0,15
1419.0,8
1420.0,10
1421.0,11
1422.0,8
1423.0,6
1424.0,9
1425.0,6
1426.0,5
1427.0,7
1428.0,4
1429.0,6
1430.0,7
1431.0,13
1432.0,5
1433.0,2
1434.0,12
1435.0,11
1436.0,7
1437.0,7
1438.0,4
1439.0,5
1440.0,8
1441.0,6
1442.0,6
1443.0,7
1444.0,9
1445.0,6
1446.0,6
1447.0,5
1448.0,8
1449.0,14
1450.0,3
1451.0,6
1452.0,8
1453.0,4
1454.0,4
1455.0,5
1456.0,7
1457.0,9
1458.0,10
1459.0,5
1460.0,3
1461.0,8
1462.0,3
1463.0,6
1464.0,11
1465.0,12
1466.0,4
1467.0,5
1468.0,5
1469.0,7
1470.0,4
1471.0,7
1472.0,6
1473.0,8
1474.0,3
1475.0,6
1476.0,6
1477.0,4
1478.0,7
1479.0,6
1480.0,6
1481.0,10
1482.0,8
1483.0,4
1484.0,5
1485.0,7
1486.0,7
1487.0,9
1488.0,6
1489.0,3
1490.0,9
1491.0,8
1492.0,4
1493.0,3
1494.0,6
1495.0,7
1496.0,5
1497.0,4
1498.0,12
1499.0,3
1500.0,8
1501.0,6
1502.0,6
1503.0,10
1504.0,5
1505.0,7
1506.0,5
1507.0,12
1508.0,4
1509.0,7
1510.0,9
1511.0,4
1512.0,6
1513.0,6
1514.0,5
1515.0,5
1516.0,8
1517.0,4
1518.0,6
1519.0,7
1520.0,5
1521.0,4
1522.0,8
1523.0,4
1524.0,6
1525.0,9
1526.0,8
1527.0,8
1528.0,8
1529.0,10
1530.0,5
1531.0,5
1532.0,5
1533.0,7
1534.0,5
1535.0,2
1536.0,7
1537.0,9
1538.0,2
1539.0,14
1540.0,4
1541.0,9
1542.0,3
1543.0,2
1544.0,5
1545.0,5
1546.0,9
1547.0,5
1548.0,7
1549.0,6
1550.0,3
1551.0,10
1552.0,3
1553.0,6
1554.0,3
1555.0,7
1556.0,5
1557.0,9
1558.0,6
1559.0,2
1560.0,4
1561.0,8
1562.0,5
1563.0,4
1564.0,7
1565.0,2
1566.0,5
1567.0,14
1568.0,5
1569.0,5
1570.0,5
1571.0,4
1572.0,7
1573.0,5
1574.0,8
1575.0,7
1576.0,9
1577.0,7
1578.0,9
1579.0,3
1580.0,4
1581.0,10
1582.0,4
1583.0,8
1584.0,6
1585.0,11
1586.0,6
1587.0,11
1588.0,5
1589.0,6
1590.0,7
1591.0,5
1592.0,5
1593.0,7
1594.0,6
1595.0,9
1596.0,5
1597.0,5
1598.0,1
1599.0,6
1600.0,6
1601.0,12
1602.0,5
1603.0,5
1604.0,5
1605.0,2
1606.0,6
1607.0,2
1608.0,9
1609.0,6
1610.0,7
1611.0,3
1612.0,4
1613.0,6
1614.0,4
1615.0,8
1616.0,5
1617.0,2
1618.0,12
1619.0,1
1620.0,4
1621.0,3
1622.0,5
1623.0,6
1624.0,4
1625.0,5
1626.0,7
1627.0,5
1628.0,5
1629.0,9
1630.0,6
1631.0,6
1632.0,6
1633.0,5
1634.0,7
1635.0,1
1636.0,8
1637.0,3
1638.0,8
1639.0,3
1640.0,5
1641.0,11
1642.0,9
1643.0,5
1644.0,6
1645.0,6
1646.0,6
1647.0,3
1648.0,4
1649.0,2
1650.0,8
1651.0,5
1652.0,7
1653.0,7
1654.0,9
1655.0,10
1656.0,3
1657.0,5
1658.0,6
1659.0,1
1660.0,4
1661.0,4
1662.0,5
1663.0,7
1664.0,3
1665.0,7
1666.0,5
1667.0,4
1668.0,4
1669.0,5
1670.0,4
1671.0,4
1672.0,2
1673.0,7
1674.0,3
1675.0,7
1676.0,2
1677.0,11
1678.0,8
1679.0,7
1680.0,9
1681.0,5
1682.0,5
1683.0,7
1684.0,11
1685.0,4
1686.0,8
1687.0,3
1688.0,3
1689.0,8
1690.0,5
1691.0,5
1692.0,6
1693.0,4
1694.0,4
1695.0,9
1696.0,6
1697.0,8
1698.0,9
1699.0,7
1700.0,4
1701.0,13
1702.0,6
1703.0,6
1704.0,4
1705.0,4
1706.0,2
1707.0,7
1708.0,3
1709.0,9
1710.0,7
1711.0,5
1712.0,6
1713.0,4
1714.0,4
1715.0,6
1716.0,9
1717.0,7
1718.0,4
1719.0,3
1720.0,8
1721.0,4
1722.0,9
1723.0,9
1724.0,3
1725.0,6
1726.0,4
1727.0,6
1728.0,2
1729.0,6
1730.0,3
1731.0,2
1732.0,6
1733.0,3
1734.0,5
1735.0,7
1736.0,4
1737.0,7
1738.0,4
1739.0,4
1740.0,6
1741.0,5
1742.0,10
1743.0,6
1744.0,1
1745.0,4
1746.0,6
1747.0,5
1748.0,3
1749.0,1
1750.0,4
1751.0,4
1752.0,9
1753.0,6
1754.0,4
1755.0,5
1756.0,5
1757.0,3
1758.0,5
1759.0,5
1760.0,4
1761.0,9
1762.0,6
1763.0,4
1764.0,6
1765.0,3
1766.0,3
1767.0,3
1768.0,5
1769.0,5
1770.0,4
1771.0,9
1772.0,2
1773.0,5
1774.0,6
1775.0,4
1776.0,4
1777.0,1
1778.0,4
1779.0,4
1780.0,6
1781.0,8
1782.0,6
1783.0,5
1784.0,6
1785.0,3
1786.0,7
1787.0,3
1788.0,5
1789.0,4
1790.0,6
1791.0,8
1792.0,4
1793.0,6
1794.0,2
1795.0,5
1796.0,1
1797.0,6
1798.0,8
1799.0,3
1800.0,6
1801.0,3
1802.0,5
1803.0,6
1804.0,6
1805.0,4
1806.0,7
1807.0,7
1808.0,5
1809.0,5
1810.0,4
1811.0,5
1812.0,2
1813.0,1
1814.0,3
1815.0,2
1816.0,4
1817.0,5
1818.0,2
1819.0,5
1820.0,5
1821.0,4
1822.0,3
1823.0,6
1824.0,6
1825.0,8
1826.0,5
1827.0,3
1828.0,2
1829.0,8
1830.0,3
1831.0,2
1832.0,8
1833.0,6
1834.0,4
1835.0,3
1836.0,6
1837.0,5
1838.0,5
1839.0,3
1840.0,1
1841.0,2
1842.0,7
1843.0,5
1844.0,4
1845.0,4
1846.0,5
1847.0,3
1848.0,5
1849.0,4
1850.0,5
1851.0,9
1852.0,9
1853.0,6
1854.0,3
1855.0,4
1856.0,6
1857.0,9
1858.0,3
1859.0,2
1860.0,8
1861.0,4
1862.0,3
1863.0,2
1864.0,3
1865.0,5
1866.0,3
1867.0,2
1868.0,8
1869.0,4
1870.0,5
1871.0,4
1872.0,4
1873.0,1
1874.0,1
1875.0,2
1876.0,4
1877.0,2
1878.0,3
1879.0,7
1880.0,1
1881.0,3
1882.0,6
1883.0,4
1884.0,7
1885.0,6
1886.0,5
1887.0,6
1888.0,5
1889.0,2
1890.0,3
1891.0,4
1892.0,9
1893.0,7
1894.0,4
1895.0,7
1896.0,7
1897.0,4
1898.0,2
1899.0,1
1900.0,3
1901.0,4
1902.0,6
1903.0,4
1904.0,3
1905.0,6
1906.0,4
1907.0,4
1908.0,2
1909.0,7
1910.0,5
1911.0,5
1912.0,4
1913.0,4
1914.0,2
1915.0,4
1916.0,3
1917.0,5
1918.0,3
1919.0,4
1920.0,3
1921.0,6
1922.0,5
1923.0,11
1924.0,1
1925.0,3
1926.0,2
1927.0,2
1928.0,2
1929.0,4
1930.0,7
1931.0,3
1932.0,3
1933.0,6
1934.0,6
1935.0,6
1936.0,4
1937.0,5
1938.0,7
1939.0,5
1940.0,6
1941.0,5
1942.0,5
1943.0,7
1944.0,4
1945.0,9
1946.0,6
1947.0,5
1948.0,3
1949.0,5
1950.0,4
1951.0,9
1952.0,3
1953.0,4
1954.0,1
1955.0,5
1956.0,5
1957.0,5
1958.0,3
1959.0,6
1960.0,4
1961.0,1
1962.0,4
1963.0,3
1964.0,4
1965.0,5
1966.0,4
1967.0,6
1968.0,5
1969.0,6
1970.0,2
1971.0,5
1972.0,2
1973.0,6
1974.0,3
1975.0,1
1976.0,3
1977.0,1
1978.0,1
1979.0,7
1980.0,5
1981.0,5
1982.0,5
1983.0,2
1984.0,6
1985.0,5
1986.0,6
1987.0,4
1988.0,5
1989.0,7
1990.0,2
1991.0,5
1992.0,8
1993.0,3
1994.0,7
1995.0,5
1996.0,3
1997.0,5
1998.0,2
1999.0,3
2000.0,2
2001.0,3
2002.0,2
2003.0,7
2004.0,6
2005.0,5
2006.0,4
2007.0,4
2008.0,5
2009.0,4
2010.0,4
2011.0,7
2012.0,4
2013.0,6
2014.0,2
2015.0,2
2016.0,5
2017.0,2
2018.0,4
2019.0,5
2020.0,3
2021.0,2
2022.0,7
2023.0,4
2024.0,3
2025.0,4
2026.0,10
2027.0,3
2028.0,4
2029.0,4
2030.0,7
2031.0,4
2032.0,6
2033.0,2
2034.0,1
2035.0,3
2036.0,2
2037.0,6
2038.0,3
2040.0,3
2041.0,2
2042.0,3
2043.0,3
2044.0,4
2045.0,6
2046.0,3
2047.0,3
2048.0,3
2049.0,1
2050.0,1
2051.0,1
2052.0,6
2053.0,3
2054.0,4
2055.0,5
2056.0,2
2057.0,2
2058.0,5
2059.0,3
2061.0,3
2062.0,6
2063.0,1
2064.0,1
2065.0,4
2066.0,1
2067.0,1
2068.0,3
2069.0,1
2070.0,5
2071.0,4
2072.0,4
2073.0,2
2074.0,4
2075.0,4
2076.0,6
2077.0,5
2078.0,3
2079.0,1
2080.0,3
2081.0,4
2082.0,4
2083.0,7
2084.0,3
2085.0,1
2086.0,5
2087.0,2
2088.0,1
2089.0,4
2090.0,3
2091.0,2
2092.0,2
2093.0,4
2094.0,2
2095.0,1
2096.0,1
2098.0,2
2099.0,2
2100.0,1
2101.0,4
2102.0,6
2103.0,1
2104.0,3
2105.0,5
2106.0,1
2107.0,3
2108.0,1
2109.0,4
2110.0,3
2111.0,5
2112.0,4
2113.0,4
2114.0,6
2115.0,2
2116.0,3
2117.0,2
2118.0,7
2120.0,5
2121.0,6
2122.0,1
2123.0,2
2124.0,4
2125.0,2
2126.0,2
2127.0,4
2128.0,2
2129.0,1
2130.0,3
2131.0,5
2132.0,3
2133.0,4
2134.0,2
2135.0,1
2136.0,4
2137.0,1
2138.0,5
2139.0,4
2140.0,1
2141.0,4
2142.0,4
2143.0,4
2144.0,2
2145.0,2
2146.0,3
2147.0,2
2148.0,4
2149.0,9
2150.0,7
2151.0,4
2152.0,4
2153.0,2
2154.0,4
2155.0,2
2156.0,1
2157.0,1
2158.0,4
2159.0,2
2160.0,3
2161.0,3
2162.0,3
2163.0,4
2164.0,2
2165.0,1
2166.0,5
2167.0,5
2168.0,2
2169.0,3
2170.0,2
2171.0,3
2172.0,2
2173.0,4
2174.0,5
2175.0,1
2176.0,3
2177.0,4
2178.0,3
2179.0,3
2180.0,9
2182.0,3
2183.0,3
2184.0,5
2185.0,5
2186.0,5
2187.0,3
2188.0,3
2189.0,3
2190.0,1
2191.0,5
2192.0,1
2193.0,5
2194.0,4
2195.0,2
2196.0,4
2198.0,1
2199.0,3
2200.0,5
2201.0,1
2202.0,3
2203.0,4
2204.0,4
2205.0,4
2206.0,5
2207.0,2
2208.0,3
2209.0,2
2210.0,2
2211.0,4
2212.0,2
2214.0,2
2215.0,4
2216.0,3
2217.0,2
2218.0,3
2219.0,3
2220.0,4
2221.0,4
2222.0,3
2223.0,3
2224.0,3
2225.0,5
2226.0,4
2227.0,3
2228.0,2
2229.0,1
2230.0,8
2231.0,2
2232.0,3
2233.0,3
2234.0,7
2235.0,4
2236.0,3
2237.0,5
2238.0,2
2239.0,5
2240.0,6
2241.0,5
2242.0,5
2243.0,6
2244.0,2
2245.0,2
2246.0,1
2247.0,4
2248.0,4
2249.0,2
2250.0,2
2251.0,3
2252.0,4
2253.0,7
2254.0,1
2255.0,2
2256.0,3
2257.0,2
2258.0,1
2259.0,2
2261.0,4
2262.0,4
2263.0,6
2264.0,1
2265.0,2
2266.0,6
2267.0,3
2268.0,2
2269.0,1
2270.0,6
2271.0,4
2272.0,1
2273.0,2
2274.0,2
2275.0,2
2276.0,2
2277.0,2
2278.0,2
2279.0,4
2280.0,2
2281.0,4
2282.0,1
2283.0,2
2284.0,2
2285.0,3
2286.0,1
2287.0,2
2289.0,3
2290.0,5
2291.0,3
2292.0,3
2293.0,3
2294.0,1
2295.0,3
2296.0,6
2297.0,3
2298.0,3
2300.0,2
2301.0,4
2302.0,2
2303.0,4
2304.0,8
2305.0,2
2307.0,5
2309.0,8
2310.0,3
2311.0,2
2312.0,3
2313.0,4
2314.0,1
2315.0,1
2316.0,4
2317.0,6
2318.0,4
2319.0,3
2320.0,2
2321.0,3
2322.0,1
2323.0,5
2324.0,3
2325.0,3
2327.0,1
2328.0,2
2329.0,1
2330.0,3
2331.0,3
2332.0,3
2333.0,1
2334.0,3
2335.0,1
2336.0,1
2337.0,2
2338.0,1
2339.0,5
2340.0,4
2341.0,2
2342.0,2
2343.0,2
2344.0,4
2345.0,2
2346.0,3
2347.0,4
2348.0,8
2349.0,4
2350.0,5
2351.0,2
2353.0,3
2354.0,5
2355.0,4
2356.0,2
2357.0,3
2358.0,4
2359.0,3
2360.0,1
2361.0,3
2362.0,3
2363.0,2
2364.0,2
2365.0,4
2366.0,1
2367.0,5
2368.0,5
2369.0,3
2370.0,2
2371.0,2
2372.0,4
2373.0,4
2374.0,3
2375.0,3
2376.0,2
2377.0,3
2378.0,1
2379.0,3
2380.0,3
2381.0,3
2382.0,4
2383.0,3
2384.0,2
2385.0,6
2386.0,4
2387.0,2
2388.0,2
2390.0,3
2391.0,4
2392.0,2
2393.0,2
2395.0,4
2396.0,1
2397.0,2
2398.0,4
2399.0,4
2400.0,4
2401.0,4
2402.0,1
2403.0,1
2404.0,5
2405.0,3
2406.0,2
2407.0,1
2408.0,2
2409.0,2
2410.0,4
2411.0,2
2412.0,2
2413.0,3
2414.0,1
2415.0,3
2416.0,2
2417.0,4
2418.0,2
2419.0,2
2420.0,1
2421.0,3
2423.0,2
2424.0,4
2427.0,2
2428.0,5
2429.0,4
2430.0,2
2431.0,2
2432.0,4
2433.0,3
2434.0,1
2435.0,2
2436.0,3
2437.0,2
2438.0,4
2439.0,2
2440.0,2
2441.0,2
2442.0,2
2443.0,1
2444.0,5
2445.0,1
2446.0,2
2447.0,2
2448.0,3
2449.0,4
2450.0,4
2451.0,1
2452.0,2
2453.0,1
2454.0,4
2455.0,3
2456.0,2
2457.0,4
2458.0,7
2459.0,3
2460.0,5
2461.0,1
2462.0,4
2463.0,2
2464.0,5
2465.0,1
2466.0,4
2467.0,2
2468.0,1
2469.0,5
2470.0,2
2471.0,1
2472.0,4
2473.0,3
2474.0,4
2475.0,4
2476.0,2
2477.0,2
2478.0,3
2479.0,1
2480.0,3
2481.0,4
2482.0,5
2483.0,2
2484.0,5
2485.0,6
2486.0,4
2487.0,1
2488.0,7
2489.0,1
2491.0,4
2492.0,6
2495.0,2
2497.0,1
2498.0,3
2499.0,4
2500.0,2
2501.0,3
2502.0,3
2503.0,2
2504.0,2
2505.0,2
2506.0,3
2507.0,2
2508.0,6
2509.0,3
2510.0,1
2511.0,3
2512.0,1
2513.0,5
2514.0,3
2515.0,3
2517.0,3
2518.0,4
2519.0,1
2520.0,3
2521.0,6
2522.0,1
2523.0,2
2524.0,1
2525.0,3
2526.0,2
2527.0,2
2529.0,2
2530.0,2
2531.0,3
2532.0,1
2533.0,4
2534.0,4
2535.0,1
2537.0,1
2538.0,3
2541.0,3
2542.0,6
2543.0,2
2544.0,3
2545.0,2
2546.0,4
2547.0,3
2548.0,4
2549.0,2
2552.0,3
2553.0,4
2554.0,1
2555.0,4
2556.0,2
2557.0,2
2558.0,4
2559.0,3
2560.0,1
2561.0,3
2562.0,4
2563.0,1
2564.0,2
2565.0,3
2566.0,2
2567.0,4
2568.0,4
2569.0,3
2570.0,4
2571.0,1
2572.0,5
2573.0,5
2574.0,1
2575.0,3
2576.0,3
2577.0,4
2578.0,5
2579.0,1
2582.0,3
2583.0,1
2584.0,1
2585.0,6
2586.0,3
2587.0,1
2588.0,1
2589.0,3
2591.0,2
2592.0,1
2594.0,3
2595.0,4
2596.0,3
2597.0,2
2598.0,6
2599.0,2
2600.0,1
2601.0,2
2602.0,3
2603.0,4
2604.0,1
2605.0,2
2606.0,1
2607.0,4
2609.0,2
2610.0,5
2611.0,1
2612.0,4
2613.0,1
2614.0,3
2616.0,3
2617.0,2
2618.0,1
2619.0,1
2620.0,2
2621.0,2
2622.0,2
2623.0,5
2624.0,4
2625.0,1
2626.0,4
2628.0,2
2629.0,1
2630.0,3
2631.0,6
2632.0,1
2634.0,2
2635.0,4
2636.0,3
2637.0,5
2638.0,4
2639.0,1
2640.0,3
2641.0,4
2642.0,1
2643.0,4
2644.0,1
2645.0,3
2646.0,4
2647.0,6
2648.0,3
2649.0,2
2651.0,2
2652.0,3
2653.0,2
2654.0,3
2655.0,2
2657.0,1
2658.0,1
2659.0,3
2660.0,6
2661.0,1
2662.0,1
2663.0,1
2664.0,2
2666.0,1
2667.0,2
2668.0,1
2669.0,3
2670.0,2
2671.0,4
2672.0,1
2673.0,2
2674.0,3
2675.0,5
2676.0,3
2677.0,1
2678.0,1
2679.0,1
2681.0,1
2682.0,2
2683.0,1
2684.0,3
2685.0,2
2686.0,2
2687.0,2
2688.0,1
2689.0,2
2690.0,2
2691.0,1
2692.0,5
2693.0,1
2694.0,3
2695.0,2
2697.0,1
2698.0,7
2699.0,4
2700.0,1
2701.0,3
2702.0,3
2703.0,1
2705.0,3
2706.0,3
2707.0,2
2709.0,3
2711.0,2
2712.0,1
2713.0,2
2714.0,4
2715.0,3
2717.0,4
2718.0,2
2719.0,4
2720.0,5
2721.0,1
2722.0,1
2724.0,2
2725.0,2
2726.0,1
2727.0,2
2728.0,3
2729.0,3
2730.0,3
2731.0,6
2732.0,3
2733.0,1
2734.0,4
2735.0,2
2736.0,2
2737.0,1
2738.0,3
2739.0,2
2740.0,3
2741.0,1
2742.0,1
2743.0,1
2744.0,2
2745.0,1
2746.0,4
2747.0,1
2748.0,3
2749.0,2
2750.0,4
2751.0,2
2752.0,1
2753.0,3
2754.0,2
2755.0,4
2756.0,2
2757.0,2
2759.0,4
2760.0,3
2761.0,1
2762.0,1
2764.0,3
2765.0,3
2767.0,1
2768.0,3
2769.0,1
2770.0,4
2771.0,2
2772.0,1
2773.0,1
2774.0,2
2775.0,2
2776.0,2
2777.0,1
2778.0,2
2779.0,2
2780.0,1
2781.0,1
2782.0,2
2783.0,3
2784.0,3
2786.0,2
2788.0,1
2791.0,2
2792.0,2
2793.0,3
2794.0,5
2796.0,3
2797.0,2
2799.0,1
2800.0,1
2802.0,4
2803.0,1
2804.0,4
2805.0,4
2806.0,3
2807.0,3
2808.0,4
2809.0,4
2810.0,4
2811.0,3
2812.0,3
2813.0,2
2814.0,1
2817.0,3
2818.0,3
2819.0,2
2820.0,3
2821.0,3
2823.0,1
2824.0,1
2826.0,3
2827.0,4
2828.0,4
2829.0,1
2830.0,3
2831.0,3
2832.0,3
2833.0,1
2834.0,5
2835.0,2
2836.0,2
2837.0,1
2838.0,4
2839.0,4
2840.0,4
2841.0,3
2842.0,2
2844.0,4
2845.0,1
2847.0,1
2848.0,2
2849.0,3
2850.0,1
2851.0,2
2852.0,2
2853.0,4
2854.0,1
2855.0,1
2856.0,1
2857.0,4
2858.0,2
2859.0,1
2860.0,2
2862.0,2
2864.0,4
2865.0,2
2867.0,6
2869.0,1
2870.0,3
2871.0,2
2872.0,2
2873.0,3
2874.0,1
2875.0,2
2876.0,2
2877.0,3
2878.0,1
2879.0,1
2881.0,2
2882.0,2
2883.0,2
2885.0,2
2886.0,1
2887.0,3
2889.0,2
2890.0,5
2893.0,1
2894.0,4
2896.0,3
2897.0,2
2899.0,2
2900.0,3
2902.0,5
2903.0,2
2904.0,1
2906.0,3
2907.0,3
2908.0,1
2909.0,1
2910.0,6
2911.0,3
2912.0,2
2915.0,2
2916.0,3
2917.0,2
2918.0,2
2919.0,4
2920.0,4
2921.0,1
2922.0,2
2924.0,2
2925.0,1
2926.0,3
2927.0,1
2928.0,1
2929.0,1
2931.0,2
2932.0,4
2933.0,1
2935.0,3
2936.0,1
2937.0,1
2938.0,2
2939.0,3
2940.0,2
2942.0,1
2943.0,2
2944.0,1
2945.0,2
2948.0,1
2949.0,1
2950.0,1
2951.0,2
2952.0,1
2953.0,2
2954.0,1
2956.0,1
2957.0,3
2958.0,3
2959.0,3
2960.0,3
2961.0,4
2962.0,4
2963.0,1
2965.0,1
2966.0,1
2967.0,1
2968.0,1
2969.0,4
2970.0,2
2971.0,3
2973.0,3
2974.0,1
2975.0,1
2976.0,1
2977.0,3
2978.0,3
2979.0,1
2980.0,1
2981.0,1
2982.0,1
2984.0,3
2985.0,2
2986.0,1
2987.0,2
2988.0,1
2990.0,1
2992.0,3
2994.0,2
2995.0,2
2996.0,1
2998.0,2
2999.0,2
3000.0,1
3001.0,4
3003.0,3
3004.0,2
3006.0,1
3007.0,1
3008.0,3
3010.0,3
3011.0,2
3012.0,2
3014.0,2
3016.0,3
3017.0,3
3018.0,3
3019.0,3
3021.0,3
3022.0,3
3023.0,4
3025.0,1
3026.0,2
3027.0,4
3028.0,2
3029.0,2
3030.0,2
3031.0,2
3033.0,3
3034.0,2
3035.0,2
3036.0,3
3037.0,4
3038.0,1
3039.0,1
3040.0,1
3041.0,2
3042.0,1
3043.0,5
3044.0,3
3045.0,5
3047.0,1
3048.0,2
3049.0,3
3050.0,1
3051.0,1
3053.0,6
3055.0,2
3056.0,1
3057.0,1
3058.0,4
3060.0,2
3062.0,2
3063.0,2
3064.0,5
3065.0,1
3066.0,3
3067.0,1
3068.0,2
3069.0,1
3071.0,2
3072.0,1
3073.0,4
3074.0,4
3076.0,2
3077.0,5
3078.0,1
3079.0,1
3080.0,1
3081.0,3
3082.0,2
3083.0,1
3084.0,1
3085.0,2
3087.0,2
3088.0,2
3089.0,2
3090.0,2
3091.0,1
3092.0,2
3093.0,1
3094.0,4
3095.0,3
3098.0,1
3099.0,1
3100.0,2
3101.0,4
3102.0,3
3104.0,3
3105.0,1
3106.0,1
3107.0,3
3108.0,3
3109.0,2
3110.0,1
3111.0,2
3112.0,2
3115.0,3
3116.0,4
3117.0,1
3118.0,1
3119.0,1
3122.0,3
3123.0,2
3124.0,2
3125.0,2
3126.0,2
3127.0,1
3128.0,1
3129.0,1
3130.0,1
3132.0,1
3133.0,1
3135.0,2
3136.0,4
3137.0,2
3138.0,1
3139.0,1
3140.0,2
3141.0,1
3143.0,3
3144.0,3
3145.0,2
3146.0,1
3148.0,4
3149.0,2
3150.0,2
3151.0,6
3152.0,3
3153.0,3
3156.0,1
3157.0,1
3158.0,7
3160.0,1
3161.0,3
3162.0,2
3163.0,3
3164.0,2
3165.0,2
3166.0,5
3167.0,2
3169.0,2
3170.0,2
3171.0,1
3172.0,1
3173.0,2
3174.0,1
3175.0,1
3176.0,1
3177.0,2
3178.0,1
3179.0,1
3180.0,2
3182.0,1
3183.0,1
3185.0,2
3186.0,2
3188.0,1
3189.0,1
3190.0,3
3191.0,1
3192.0,5
3193.0,2
3194.0,2
3195.0,3
3196.0,1
3197.0,1
3198.0,1
3199.0,3
3200.0,4
3201.0,2
3202.0,3
3203.0,3
3204.0,2
3205.0,1
3206.0,1
3208.0,2
3210.0,2
3213.0,2
3214.0,1
3215.0,1
3216.0,2
3218.0,1
3219.0,2
3220.0,4
3221.0,1
3223.0,2
3225.0,2
3226.0,4
3227.0,4
3228.0,1
3229.0,2
3230.0,2
3231.0,3
3232.0,2
3233.0,6
3234.0,1
3235.0,3
3236.0,3
3237.0,1
3239.0,3
3240.0,1
3242.0,1
3243.0,1
3244.0,2
3246.0,2
3247.0,2
3248.0,1
3250.0,1
3251.0,2
3252.0,4
3253.0,2
3254.0,2
3255.0,1
3256.0,3
3257.0,1
3258.0,1
3259.0,1
3260.0,1
3261.0,4
3263.0,4
3264.0,1
3265.0,1
3266.0,1
3267.0,1
3268.0,1
3269.0,1
3271.0,2
3272.0,1
3274.0,1
3275.0,2
3276.0,2
3277.0,1
3279.0,1
3281.0,1
3282.0,1
3283.0,3
3284.0,1
3285.0,1
3288.0,5
3289.0,1
3291.0,3
3292.0,2
3293.0,4
3294.0,1
3295.0,1
3296.0,2
3297.0,4
3298.0,2
3300.0,2
3301.0,3
3303.0,1
3304.0,1
3305.0,3
3307.0,1
3308.0,2
3310.0,2
3311.0,1
3313.0,2
3314.0,3
3315.0,1
3317.0,3
3319.0,1
3321.0,1
3322.0,3
3323.0,1
3325.0,1
3326.0,5
3327.0,5
3330.0,2
3331.0,6
3332.0,3
3333.0,2
3334.0,2
3335.0,2
3338.0,2
3340.0,1
3341.0,1
3342.0,1
3344.0,4
3346.0,1
3348.0,2
3354.0,2
3356.0,1
3357.0,2
3359.0,1
3360.0,1
3361.0,2
3362.0,2
3364.0,2
3365.0,1
3366.0,2
3367.0,1
3369.0,1
3370.0,1
3372.0,1
3373.0,1
3374.0,2
3375.0,1
3376.0,1
3377.0,1
3378.0,3
3379.0,2
3380.0,4
3382.0,2
3383.0,1
3385.0,1
3387.0,2
3388.0,3
3390.0,1
3391.0,2
3393.0,3
3395.0,2
3396.0,4
3397.0,1
3398.0,1
3399.0,2
3401.0,2
3403.0,2
3405.0,5
3406.0,1
3407.0,5
3408.0,3
3409.0,1
3411.0,1
3413.0,2
3416.0,2
3417.0,2
3418.0,1
3419.0,4
3420.0,2
3421.0,1
3422.0,1
3423.0,1
3424.0,4
3425.0,1
3426.0,5
3427.0,3
3428.0,1
3429.0,3
3431.0,1
3432.0,4
3433.0,1
3434.0,1
3435.0,1
3437.0,2
3438.0,1
3439.0,1
3440.0,1
3443.0,2
3446.0,2
3447.0,2
3448.0,2
3449.0,2
3450.0,1
3451.0,1
3453.0,2
3455.0,1
3456.0,2
3457.0,1
3458.0,2
3459.0,2
3460.0,1
3461.0,3
3462.0,1
3465.0,2
3466.0,1
3467.0,1
3468.0,4
3469.0,2
3472.0,1
3473.0,3
3474.0,2
3475.0,1
3478.0,5
3479.0,1
3482.0,1
3483.0,1
3484.0,2
3485.0,4
3486.0,2
3489.0,1
3490.0,1
3493.0,1
3494.0,2
3497.0,1
3498.0,2
3499.0,1
3500.0,1
3503.0,1
3504.0,5
3505.0,1
3506.0,3
3507.0,1
3508.0,1
3509.0,1
3510.0,2
3511.0,2
3512.0,2
3513.0,2
3514.0,1
3515.0,1
3516.0,1
3517.0,1
3518.0,1
3519.0,1
3520.0,4
3522.0,2
3524.0,1
3525.0,1
3526.0,2
3527.0,2
3528.0,1
3529.0,2
3531.0,1
3532.0,1
3533.0,1
3534.0,3
3536.0,1
3537.0,1
3538.0,1
3539.0,1
3540.0,2
3542.0,1
3543.0,1
3544.0,2
3545.0,1
3547.0,1
3548.0,1
3549.0,1
3550.0,1
3551.0,3
3552.0,1
3553.0,1
3554.0,1
3555.0,1
3556.0,3
3557.0,2
3558.0,2
3559.0,2
3560.0,3
3562.0,1
3563.0,5
3564.0,2
3565.0,2
3566.0,1
3567.0,2
3568.0,2
3572.0,1
3573.0,3
3574.0,2
3576.0,1
3577.0,2
3578.0,2
3581.0,1
3583.0,2
3584.0,1
3585.0,1
3586.0,1
3587.0,1
3588.0,1
3590.0,1
3591.0,1
3592.0,1
3593.0,2
3594.0,1
3595.0,5
3597.0,1
3599.0,1
3600.0,3
3601.0,2
3603.0,2
3604.0,1
3605.0,2
3607.0,3
3608.0,3
3609.0,2
3610.0,1
3611.0,1
3614.0,2
3615.0,1
3616.0,2
3621.0,1
3625.0,1
3627.0,1
3628.0,2
3629.0,2
3630.0,1
3633.0,1
3634.0,1
3635.0,1
3637.0,1
3638.0,1
3639.0,1
3642.0,1
3643.0,2
3644.0,2
3645.0,1
3646.0,2
3647.0,1
3648.0,4
3649.0,1
3650.0,2
3651.0,1
3656.0,4
3657.0,2
3658.0,1
3659.0,1
3660.0,2
3661.0,2
3663.0,1
3664.0,3
3665.0,2
3666.0,1
3669.0,2
3670.0,1
3671.0,1
3672.0,2
3673.0,2
3674.0,1
3675.0,1
3678.0,4
3680.0,1
3681.0,1
3683.0,1
3685.0,2
3686.0,1
3687.0,1
3689.0,5
3690.0,1
3692.0,1
3694.0,1
3695.0,2
3698.0,1
3699.0,1
3700.0,1
3701.0,2
3703.0,2
3706.0,2
3707.0,1
3708.0,3
3709.0,3
3711.0,3
3712.0,1
3713.0,1
3714.0,2
3715.0,1
3716.0,1
3718.0,2
3721.0,1
3722.0,2
3723.0,1
3724.0,1
3725.0,3
3726.0,2
3727.0,1
3728.0,1
3729.0,3
3733.0,1
3735.0,1
3737.0,1
3739.0,1
3740.0,2
3742.0,2
3743.0,2
3744.0,2
3747.0,1
3748.0,2
3749.0,2
3752.0,2
3753.0,2
3756.0,2
3757.0,1
3760.0,2
3763.0,1
3764.0,1
3766.0,1
3767.0,1
3768.0,1
3770.0,4
3771.0,1
3775.0,2
3777.0,2
3778.0,2
3779.0,1
3780.0,2
3781.0,1
3782.0,1
3783.0,1
3784.0,1
3787.0,1
3788.0,2
3789.0,1
3790.0,1
3791.0,2
3792.0,1
3793.0,1
3795.0,1
3796.0,1
3797.0,1
3798.0,2
3799.0,2
3800.0,1
3801.0,1
3803.0,1
3804.0,1
3805.0,4
3806.0,1
3807.0,2
3809.0,1
3810.0,1
3811.0,2
3812.0,1
3814.0,2
3815.0,2
3816.0,1
3819.0,3
3820.0,3
3821.0,1
3822.0,2
3823.0,1
3824.0,2
3825.0,1
3829.0,5
3830.0,1
3831.0,1
3832.0,1
3833.0,1
3839.0,4
3842.0,1
3844.0,1
3845.0,2
3846.0,1
3847.0,3
3849.0,3
3852.0,3
3854.0,1
3855.0,1
3858.0,2
3859.0,1
3860.0,1
3863.0,1
3864.0,2
3865.0,2
3867.0,2
3870.0,1
3871.0,1
3872.0,1
3873.0,5
3874.0,1
3876.0,2
3882.0,2
3883.0,2
3885.0,1
3888.0,1
3890.0,2
3891.0,1
3892.0,2
3893.0,2
3895.0,1
3896.0,1
3897.0,1
3899.0,2
3900.0,1
3904.0,2
3906.0,2
3907.0,1
3908.0,2
3910.0,1
3912.0,2
3913.0,2
3914.0,1
3919.0,1
3920.0,2
3921.0,1
3923.0,2
3924.0,2
3927.0,2
3928.0,1
3929.0,3
3932.0,1
3934.0,2
3935.0,3
3938.0,1
3939.0,1
3940.0,1
3941.0,1
3943.0,3
3945.0,2
3946.0,1
3950.0,1
3952.0,1
3955.0,1
3956.0,1
3959.0,2
3960.0,1
3961.0,2
3963.0,1
3969.0,1
3970.0,2
3971.0,1
3972.0,1
3974.0,1
3977.0,1
3980.0,3
3981.0,1
3984.0,1
3985.0,1
3986.0,2
3988.0,1
3989.0,1
3991.0,1
3992.0,1
3996.0,1
3999.0,2
4002.0,3
4004.0,1
4005.0,1
4008.0,2
4009.0,1
4010.0,2
4011.0,4
4012.0,1
4015.0,1
4016.0,1
4017.0,1
4018.0,1
4021.0,1
4022.0,2
4023.0,1
4025.0,1
4026.0,1
4028.0,4
4030.0,1
4031.0,2
4032.0,1
4033.0,1
4034.0,1
4036.0,1
4037.0,1
4038.0,3
4039.0,5
4040.0,2
4042.0,2
4043.0,2
4044.0,2
4045.0,1
4046.0,4
4048.0,1
4050.0,1
4051.0,1
4053.0,1
4054.0,1
4059.0,3
4060.0,2
4064.0,1
4065.0,1
4067.0,1
4069.0,2
4072.0,1
4073.0,2
4074.0,1
4076.0,1
4077.0,3
4079.0,1
4081.0,1
4082.0,1
4083.0,1
4084.0,1
4085.0,2
4086.0,1
4087.0,2
4088.0,2
4091.0,2
4093.0,1
4099.0,1
4102.0,1
4104.0,1
4106.0,1
4107.0,2
4110.0,1
4113.0,1
4114.0,1
4115.0,2
4116.0,1
4117.0,1
4118.0,1
4120.0,1
4122.0,3
4124.0,1
4126.0,1
4132.0,1
4133.0,1
4135.0,1
4136.0,2
4138.0,1
4141.0,2
4142.0,1
4145.0,2
4148.0,1
4150.0,1
4153.0,1
4155.0,2
4156.0,1
4157.0,1
4158.0,1
4161.0,1
4162.0,2
4163.0,2
4164.0,2
4165.0,3
4167.0,1
4168.0,1
4169.0,1
4170.0,1
4171.0,1
4174.0,2
4175.0,1
4178.0,1
4179.0,2
4181.0,1
4183.0,1
4184.0,1
4185.0,1
4186.0,1
4187.0,5
4188.0,1
4189.0,1
4191.0,3
4192.0,1
4196.0,2
4197.0,3
4199.0,3
4200.0,2
4202.0,1
4204.0,1
4205.0,1
4206.0,3
4207.0,2
4208.0,3
4209.0,1
4210.0,1
4211.0,3
4212.0,2
4213.0,1
4215.0,2
4217.0,1
4218.0,1
4219.0,1
4220.0,1
4223.0,2
4225.0,1
4227.0,1
4230.0,1
4231.0,1
4232.0,1
4238.0,2
4239.0,2
4240.0,1
4242.0,1
4244.0,1
4245.0,1
4248.0,2
4249.0,2
4250.0,1
4253.0,2
4255.0,1
4256.0,3
4259.0,1
4261.0,1
4263.0,1
4264.0,2
4265.0,2
4266.0,1
4268.0,1
4269.0,1
4271.0,2
4272.0,1
4279.0,1
4281.0,1
4282.0,1
4283.0,2
4284.0,2
4285.0,1
4286.0,1
4287.0,2
4288.0,1
4293.0,2
4294.0,1
4296.0,2
4298.0,1
4299.0,3
4301.0,1
4303.0,1
4307.0,2
4308.0,1
4309.0,1
4312.0,1
4313.0,1
4314.0,1
4317.0,1
4319.0,1
4322.0,1
4323.0,1
4324.0,1
4326.0,2
4329.0,2
4330.0,1
4331.0,2
4332.0,1
4333.0,1
4336.0,1
4338.0,2
4339.0,1
4340.0,1
4342.0,2
4344.0,2
4345.0,2
4349.0,1
4351.0,1
4353.0,3
4354.0,2
4355.0,2
4357.0,3
4358.0,1
4360.0,2
4361.0,1
4362.0,2
4363.0,1
4366.0,1
4367.0,1
4369.0,1
4370.0,1
4372.0,1
4373.0,1
4374.0,1
4375.0,2
4378.0,1
4380.0,2
4385.0,1
4387.0,1
4388.0,1
4390.0,1
4393.0,2
4396.0,1
4399.0,2
4400.0,1
4402.0,1
4404.0,3
4406.0,1
4407.0,1
4408.0,1
4412.0,1
4413.0,1
4414.0,1
4415.0,2
4416.0,1
4417.0,1
4418.0,1
4419.0,1
4420.0,1
4422.0,1
4423.0,1
4424.0,1
4425.0,1
4427.0,1
4428.0,2
4429.0,1
4431.0,1
4432.0,2
4434.0,1
4437.0,2
4438.0,1
4441.0,1
4445.0,3
4446.0,1
4453.0,1
4454.0,1
4458.0,1
4459.0,1
4460.0,1
4461.0,2
4462.0,1
4464.0,1
4465.0,1
4467.0,1
4468.0,1
4475.0,1
4477.0,1
4479.0,1
4482.0,1
4485.0,1
4488.0,1
4490.0,1
4491.0,2
4495.0,1
4496.0,1
4500.0,1
4502.0,2
4504.0,1
4505.0,2
4506.0,2
4507.0,1
4508.0,1
4509.0,1
4511.0,2
4512.0,1
4514.0,1
4518.0,1
4522.0,1
4525.0,1
4526.0,1
4527.0,1
4530.0,1
4531.0,2
4532.0,2
4534.0,2
4537.0,1
4542.0,2
4543.0,1
4548.0,1
4549.0,1
4550.0,1
4551.0,1
4552.0,1
4553.0,1
4555.0,1
4556.0,1
4557.0,3
4558.0,2
4559.0,1
4560.0,2
4561.0,1
4562.0,1
4564.0,1
4569.0,3
4576.0,1
4577.0,1
4578.0,1
4579.0,1
4580.0,1
4581.0,1
4583.0,1
4585.0,1
4587.0,1
4593.0,2
4595.0,1
4596.0,1
4598.0,1
4599.0,1
4604.0,1
4606.0,3
4607.0,1
4610.0,1
4611.0,1
4612.0,2
4613.0,1
4614.0,3
4615.0,1
4620.0,3
4624.0,2
4625.0,3
4626.0,1
4627.0,1
4631.0,1
4634.0,1
4635.0,1
4639.0,1
4640.0,2
4643.0,1
4651.0,1
4655.0,1
4657.0,1
4658.0,3
4659.0,1
4660.0,1
4661.0,1
4669.0,1
4672.0,1
4676.0,1
4677.0,1
4678.0,2
4680.0,2
4681.0,1
4684.0,1
4685.0,3
4687.0,1
4688.0,1
4690.0,2
4691.0,1
4694.0,1
4696.0,1
4698.0,1
4699.0,2
4700.0,1
4702.0,1
4703.0,1
4706.0,1
4707.0,1
4708.0,1
4709.0,1
4716.0,1
4718.0,1
4719.0,2
4720.0,2
4723.0,1
4726.0,4
4728.0,1
4733.0,1
4734.0,2
4738.0,1
4741.0,1
4743.0,1
4744.0,3
4747.0,1
4755.0,1
4756.0,2
4757.0,1
4759.0,1
4761.0,1
4765.0,1
4770.0,1
4775.0,1
4777.0,1
4779.0,1
4781.0,1
4782.0,1
4785.0,2
4786.0,1
4789.0,3
4790.0,1
4792.0,2
4793.0,2
4795.0,1
4797.0,2
4798.0,1
4800.0,1
4801.0,1
4802.0,2
4804.0,1
4806.0,1
4807.0,1
4808.0,2
4815.0,3
4819.0,1
4820.0,1
4823.0,3
4825.0,1
4832.0,1
4833.0,2
4834.0,1
4839.0,2
4841.0,1
4842.0,2
4843.0,1
4845.0,1
4846.0,1
4847.0,2
4848.0,1
4849.0,2
4850.0,1
4852.0,1
4855.0,1
4859.0,2
4860.0,2
4867.0,1
4868.0,2
4871.0,1
4872.0,1
4876.0,2
4878.0,1
4879.0,1
4884.0,1
4885.0,2
4888.0,3
4889.0,3
4892.0,1
4894.0,1
4896.0,1
4898.0,2
4903.0,1
4904.0,2
4906.0,1
4908.0,1
4910.0,2
4911.0,4
4912.0,1
4913.0,1
4915.0,2
4918.0,1
4922.0,1
4923.0,1
4927.0,1
4930.0,1
4932.0,1
4937.0,1
4939.0,1
4943.0,1
4945.0,1
4946.0,1
4947.0,1
4950.0,2
4953.0,2
4954.0,3
4957.0,2
4962.0,2
4964.0,1
4965.0,1
4967.0,1
4968.0,1
4971.0,1
4972.0,1
4973.0,1
4974.0,1
4976.0,3
4977.0,1
4981.0,1
4983.0,1
4984.0,2
4988.0,2
4989.0,1
4990.0,1
4993.0,1
4998.0,1
4999.0,1
5000.0,2
5002.0,1
5006.0,1
5007.0,1
5008.0,1
5009.0,1
5012.0,1
5014.0,1
5015.0,2
5017.0,1
5023.0,1
5024.0,1
5025.0,1
5028.0,1
5029.0,1
5033.0,1
5034.0,1
5036.0,1
5045.0,2
5048.0,1
5051.0,1
5053.0,2
5054.0,1
5055.0,1
5065.0,1
5066.0,2
5074.0,1
5079.0,1
5083.0,1
5086.0,1
5089.0,2
5090.0,1
5093.0,2
5096.0,1
5098.0,1
5105.0,1
5111.0,2
5113.0,1
5118.0,1
5119.0,1
5120.0,1
5121.0,2
5122.0,3
5123.0,1
5127.0,1
5131.0,1
5135.0,2
5136.0,1
5137.0,1
5138.0,1
5139.0,1
5140.0,1
5144.0,2
5151.0,1
5152.0,2
5155.0,1
5157.0,1
5159.0,1
5160.0,1
5162.0,1
5164.0,1
5165.0,2
5167.0,1
5169.0,1
5170.0,1
5171.0,1
5176.0,1
5179.0,1
5180.0,1
5182.0,1
5183.0,1
5184.0,2
5186.0,1
5190.0,1
5192.0,1
5194.0,5
5197.0,1
5199.0,2
5202.0,1
5204.0,1
5205.0,1
5216.0,2
5219.0,1
5230.0,3
5234.0,1
5236.0,3
5238.0,1
5239.0,1
5240.0,2
5241.0,1
5243.0,2
5244.0,1
5248.0,2
5252.0,1
5260.0,1
5267.0,3
5271.0,1
5272.0,1
5276.0,1
5277.0,2
5280.0,1
5287.0,2
5288.0,1
5294.0,1
5296.0,2
5299.0,2
5301.0,1
5303.0,2
5304.0,1
5306.0,2
5308.0,1
5310.0,1
5312.0,1
5313.0,1
5315.0,1
5319.0,1
5320.0,1
5322.0,1
5324.0,2
5325.0,1
5328.0,1
5330.0,1
5334.0,1
5335.0,1
5336.0,1
5338.0,1
5342.0,1
5343.0,1
5345.0,1
5346.0,1
5348.0,2
5349.0,1
5350.0,1
5353.0,1
5355.0,1
5356.0,1
5358.0,1
5362.0,2
5364.0,3
5369.0,1
5377.0,1
5379.0,1
5381.0,1
5382.0,1
5383.0,1
5385.0,1
5386.0,2
5388.0,1
5390.0,1
5398.0,1
5405.0,1
5407.0,1
5408.0,2
5411.0,1
5412.0,1
5415.0,1
5423.0,1
5424.0,1
5427.0,1
5428.0,1
5429.0,1
5431.0,1
5432.0,1
5434.0,1
5435.0,1
5436.0,1
5440.0,2
5441.0,1
5442.0,1
5444.0,1
5445.0,1
5446.0,1
5447.0,1
5449.0,1
5450.0,1
5452.0,1
5457.0,2
5459.0,1
5463.0,1
5464.0,1
5466.0,1
5468.0,2
5470.0,1
5472.0,1
5474.0,1
5477.0,1
5478.0,2
5481.0,1
5484.0,1
5505.0,1
5506.0,1
5508.0,1
5514.0,1
5515.0,1
5516.0,1
5517.0,1
5520.0,1
5524.0,1
5526.0,3
5529.0,1
5530.0,1
5537.0,1
5538.0,2
5540.0,2
5542.0,2
5543.0,1
5545.0,1
5546.0,1
5550.0,1
5552.0,2
5556.0,1
5557.0,2
5559.0,1
5560.0,1
5562.0,1
5570.0,1
5573.0,1
5575.0,1
5576.0,1
5579.0,1
5580.0,1
5581.0,1
5582.0,1
5592.0,1
5598.0,1
5605.0,1
5606.0,1
5607.0,1
5609.0,1
5611.0,1
5612.0,2
5614.0,1
5615.0,1
5619.0,1
5620.0,1
5623.0,1
5627.0,1
5631.0,2
5632.0,1
5633.0,1
5638.0,1
5639.0,2
5640.0,1
5641.0,1
5642.0,1
5645.0,1
5649.0,1
5654.0,2
5656.0,1
5660.0,1
5661.0,1
5672.0,2
5674.0,1
5675.0,1
5677.0,2
5679.0,1
5687.0,1
5688.0,2
5689.0,1
5693.0,1
5696.0,1
5698.0,1
5699.0,1
5702.0,2
5704.0,2
5706.0,1
5711.0,1
5714.0,1
5716.0,1
5720.0,1
5721.0,3
5723.0,1
5724.0,1
5726.0,1
5727.0,1
5728.0,1
5729.0,1
5731.0,1
5734.0,1
5735.0,1
5736.0,1
5737.0,1
5740.0,1
5741.0,1
5746.0,1
5752.0,1
5754.0,2
5755.0,1
5758.0,2
5765.0,1
5767.0,1
5771.0,1
5779.0,2
5780.0,1
5784.0,1
5787.0,1
5789.0,2
5793.0,2
5795.0,1
5798.0,2
5803.0,1
5809.0,1
5811.0,1
5812.0,2
5815.0,1
5821.0,2
5826.0,1
5829.0,1
5832.0,1
5833.0,1
5843.0,1
5845.0,2
5849.0,1
5855.0,1
5863.0,1
5867.0,1
5875.0,1
5884.0,2
5886.0,2
5887.0,1
5888.0,1
5891.0,1
5892.0,1
5893.0,1
5896.0,1
5897.0,2
5902.0,1
5903.0,1
5904.0,1
5906.0,2
5907.0,1
5909.0,1
5914.0,1
5915.0,1
5916.0,1
5918.0,1
5919.0,1
5920.0,1
5922.0,2
5924.0,1
5925.0,1
5926.0,1
5928.0,1
5929.0,1
5935.0,1
5940.0,1
5942.0,1
5945.0,1
5948.0,1
5949.0,2
5952.0,1
5957.0,1
5964.0,1
5967.0,1
5970.0,1
5978.0,2
5982.0,1
5983.0,2
5984.0,1
5990.0,1
5994.0,1
5996.0,3
6005.0,1
6006.0,1
6012.0,1
6019.0,1
6020.0,2
6028.0,1
6032.0,1
6034.0,2
6044.0,2
6047.0,1
6052.0,1
6053.0,1
6058.0,1
6060.0,2
6062.0,3
6065.0,1
6067.0,1
6070.0,1
6077.0,1
6085.0,3
6086.0,1
6090.0,1
6095.0,1
6099.0,1
6102.0,1
6106.0,1
6108.0,1
6109.0,1
6112.0,1
6113.0,1
6114.0,1
6117.0,2
6119.0,2
6121.0,1
6131.0,1
6133.0,1
6135.0,1
6136.0,1
6137.0,1
6142.0,1
6143.0,1
6145.0,1
6148.0,1
6158.0,1
6168.0,1
6174.0,1
6175.0,1
6181.0,1
6187.0,1
6193.0,2
6195.0,1
6196.0,1
6199.0,1
6202.0,1
6205.0,1
6206.0,1
6207.0,1
6217.0,1
6218.0,1
6223.0,2
6227.0,2
6229.0,3
6230.0,1
6232.0,1
6242.0,1
6247.0,1
6251.0,1
6254.0,1
6258.0,2
6261.0,2
6262.0,1
6268.0,2
6269.0,1
6275.0,2
6277.0,1
6279.0,2
6281.0,2
6294.0,1
6300.0,1
6303.0,1
6304.0,1
6305.0,1
6307.0,1
6310.0,1
6312.0,1
6314.0,1
6318.0,1
6326.0,1
6331.0,1
6332.0,1
6337.0,1
6341.0,1
6345.0,1
6354.0,1
6356.0,2
6357.0,2
6358.0,1
6360.0,1
6363.0,1
6365.0,1
6368.0,1
6371.0,2
6373.0,1
6375.0,1
6377.0,1
6382.0,1
6383.0,1
6397.0,1
6398.0,1
6402.0,1
6405.0,1
6406.0,1
6407.0,1
6412.0,1
6414.0,1
6416.0,1
6419.0,1
6421.0,2
6429.0,2
6431.0,3
6432.0,1
6440.0,1
6441.0,1
6443.0,1
6449.0,1
6456.0,1
6459.0,1
6461.0,1
6462.0,1
6463.0,1
6464.0,2
6471.0,1
6472.0,1
6480.0,2
6485.0,1
6498.0,1
6500.0,1
6502.0,1
6505.0,1
6508.0,1
6512.0,1
6522.0,1
6525.0,1
6526.0,1
6533.0,1
6536.0,1
6537.0,2
6539.0,1
6540.0,1
6547.0,2
6555.0,1
6560.0,3
6561.0,1
6563.0,2
6574.0,1
6582.0,1
6583.0,1
6585.0,1
6592.0,1
6606.0,1
6615.0,1
6617.0,1
6625.0,1
6626.0,1
6638.0,1
6641.0,1
6643.0,1
6645.0,1
6648.0,1
6649.0,2
6650.0,1
6651.0,1
6654.0,1
6662.0,1
6668.0,1
6670.0,1
6671.0,1
6673.0,1
6674.0,1
6687.0,2
6696.0,1
6698.0,1
6699.0,1
6701.0,1
6704.0,1
6714.0,1
6715.0,1
6718.0,1
6720.0,1
6724.0,1
6730.0,1
6733.0,1
6734.0,1
6738.0,1
6740.0,1
6742.0,1
6748.0,1
6750.0,1
6752.0,2
6754.0,1
6756.0,1
6757.0,1
6761.0,1
6769.0,1
6771.0,1
6773.0,1
6774.0,1
6779.0,1
6780.0,2
6781.0,1
6782.0,2
6784.0,1
6801.0,1
6803.0,1
6808.0,1
6810.0,1
6813.0,1
6816.0,1
6819.0,1
6821.0,1
6827.0,1
6833.0,1
6836.0,1
6839.0,1
6847.0,1
6851.0,1
6852.0,1
6853.0,1
6861.0,1
6865.0,1
6871.0,1
6872.0,1
6876.0,1
6884.0,1
6890.0,1
6891.0,1
6895.0,1
6900.0,1
6906.0,1
6916.0,1
6918.0,2
6921.0,1
6923.0,1
6931.0,2
6932.0,1
6933.0,1
6937.0,1
6944.0,1
6949.0,1
6950.0,1
6954.0,1
6956.0,1
6957.0,1
6959.0,1
6962.0,1
6963.0,1
6965.0,1
6967.0,1
6974.0,1
6987.0,1
6998.0,2
7001.0,1
7003.0,1
7005.0,2
7009.0,1
7010.0,1
7013.0,1
7036.0,1
7040.0,1
7044.0,1
7053.0,1
7056.0,1
7065.0,2
7081.0,1
7082.0,1
7085.0,1
7089.0,1
7090.0,1
7097.0,1
7099.0,1
7101.0,1
7102.0,1
7104.0,1
7107.0,1
7113.0,2
7115.0,1
7121.0,1
7137.0,1
7148.0,1
7149.0,1
7152.0,1
7157.0,2
7172.0,1
7177.0,2
7185.0,1
7186.0,1
7191.0,1
7206.0,1
7209.0,1
7215.0,1
7227.0,1
7232.0,1
7235.0,1
7237.0,1
7245.0,1
7248.0,1
7253.0,1
7255.0,1
7264.0,1
7268.0,1
7269.0,1
7281.0,1
7283.0,1
7284.0,1
7285.0,2
7286.0,1
7292.0,1
7294.0,1
7304.0,1
7305.0,1
7307.0,2
7311.0,1
7314.0,1
7328.0,1
7334.0,1
7337.0,3
7340.0,1
7351.0,1
7354.0,1
7363.0,1
7370.0,1
7374.0,1
7375.0,1
7383.0,1
7385.0,1
7386.0,1
7388.0,1
7389.0,1
7390.0,1
7400.0,1
7404.0,1
7406.0,1
7410.0,1
7411.0,1
7419.0,1
7426.0,1
7429.0,1
7435.0,1
7450.0,1
7454.0,2
7455.0,1
7467.0,1
7470.0,1
7471.0,2
7477.0,1
7478.0,1
7479.0,1
7481.0,2
7482.0,1
7489.0,2
7501.0,1
7506.0,1
7515.0,1
7517.0,1
7534.0,1
7542.0,1
7546.0,2
7560.0,1
7576.0,2
7589.0,1
7607.0,2
7608.0,1
7609.0,1
7610.0,1
7613.0,1
7620.0,1
7624.0,1
7627.0,1
7643.0,1
7646.0,1
7648.0,1
7657.0,1
7665.0,1
7677.0,1
7681.0,1
7683.0,2
7684.0,1
7688.0,2
7693.0,1
7696.0,1
7697.0,1
7699.0,1
7702.0,1
7712.0,2
7715.0,1
7716.0,1
7719.0,1
7720.0,1
7727.0,1
7730.0,1
7734.0,1
7737.0,1
7741.0,1
7762.0,1
7767.0,1
7775.0,1
7779.0,1
7794.0,1
7795.0,1
7799.0,1
7812.0,1
7813.0,2
7814.0,1
7823.0,1
7830.0,1
7841.0,1
7858.0,3
7881.0,1
7882.0,1
7884.0,1
7888.0,1
7900.0,1
7901.0,1
7907.0,1
7908.0,1
7915.0,1
7922.0,1
7930.0,1
7935.0,1
7939.0,1
7941.0,1
7948.0,1
7953.0,1
7988.0,1
7992.0,2
7994.0,3
8011.0,1
8019.0,1
8020.0,1
8035.0,1
8039.0,1
8040.0,1
8049.0,1
8059.0,1
8068.0,1
8070.0,1
8077.0,1
8078.0,1
8081.0,1
8084.0,1
8092.0,1
8100.0,1
8105.0,1
8115.0,1
8123.0,1
8124.0,1
8127.0,1
8134.0,1
8140.0,1
8142.0,1
8143.0,1
8144.0,1
8145.0,1
8153.0,1
8168.0,1
8169.0,1
8174.0,1
8176.0,1
8184.0,1
8189.0,1
8193.0,1
8195.0,2
8202.0,2
8209.0,1
8213.0,1
8228.0,1
8234.0,1
8236.0,1
8240.0,1
8242.0,1
8244.0,1
8273.0,1
8280.0,1
8281.0,1
8290.0,1
8295.0,1
8304.0,1
8315.0,1
8321.0,1
8332.0,1
8343.0,1
8346.0,1
8353.0,1
8357.0,1
8371.0,1
8386.0,1
8395.0,1
8400.0,1
8413.0,1
8416.0,1
8421.0,1
8423.0,1
8428.0,1
8432.0,1
8438.0,1
8442.0,1
8447.0,1
8452.0,1
8484.0,1
8500.0,1
8502.0,2
8507.0,1
8512.0,1
8514.0,1
8517.0,1
8522.0,1
8537.0,1
8541.0,1
8542.0,1
8548.0,1
8549.0,1
8554.0,1
8556.0,1
8567.0,1
8573.0,1
8577.0,1
8579.0,1
8589.0,1
8593.0,1
8606.0,1
8611.0,1
8616.0,1
8619.0,1
8625.0,1
8626.0,1
8637.0,1
8641.0,1
8667.0,1
8669.0,2
8678.0,1
8684.0,1
8688.0,2
8704.0,1
8714.0,1
8715.0,1
8722.0,1
8731.0,1
8732.0,1
8752.0,1
8758.0,1
8766.0,1
8773.0,1
8774.0,1
8787.0,1
8820.0,1
8821.0,1
8832.0,1
8834.0,1
8844.0,1
8848.0,1
8867.0,1
8878.0,1
8879.0,1
8900.0,1
8915.0,1
8920.0,2
8925.0,1
8928.0,1
8930.0,1
8943.0,1
8969.0,1
8975.0,1
8978.0,1
8985.0,1
8997.0,1
9000.0,1
9001.0,1
9009.0,1
9016.0,1
9033.0,1
9039.0,1
9053.0,1
9072.0,1
9078.0,1
9102.0,1
9116.0,1
9123.0,1
9132.0,1
9133.0,1
9137.0,1
9143.0,1
9196.0,1
9204.0,1
9209.0,1
9214.0,1
9223.0,1
9229.0,1
9231.0,1
9249.0,1
9254.0,1
9255.0,1
9264.0,1
9279.0,1
9283.0,1
9293.0,1
9297.0,3
9300.0,1
9312.0,1
9325.0,1
9329.0,1
9330.0,1
9332.0,1
9345.0,1
9346.0,1
9356.0,1
9359.0,1
9361.0,1
9368.0,1
9369.0,1
9380.0,1
9388.0,1
9396.0,1
9401.0,1
9406.0,2
9409.0,1
9437.0,1
9448.0,1
9453.0,1
9454.0,1
9459.0,1
9466.0,1
9471.0,1
9480.0,1
9491.0,1
9496.0,1
9498.0,1
9499.0,1
9502.0,1
9508.0,1
9528.0,2
9530.0,1
9542.0,1
9547.0,1
9558.0,1
9574.0,1
9582.0,1
9591.0,1
9592.0,1
9594.0,1
9601.0,1
9606.0,1
9620.0,2
9623.0,1
9626.0,1
9637.0,1
9642.0,1
9654.0,1
9662.0,1
9687.0,1
9688.0,1
9689.0,1
9711.0,1
9713.0,2
9758.0,1
9759.0,1
9764.0,1
9772.0,1
9777.0,1
9793.0,1
9794.0,1
9816.0,1
9839.0,1
9841.0,1
9862.0,1
9878.0,1
9881.0,1
9887.0,1
9936.0,1
9945.0,1
9959.0,1
9961.0,1
9978.0,1
10009.0,1
10028.0,1
10029.0,1
10030.0,1
10049.0,2
10050.0,1
10068.0,1
10073.0,1
10074.0,1
10100.0,1
10137.0,1
10150.0,1
10155.0,1
10161.0,1
10167.0,1
10190.0,1
10237.0,1
10267.0,1
10281.0,1
10305.0,1
10331.0,1
10333.0,1
10388.0,1
10394.0,2
10414.0,1
10437.0,1
10474.0,1
10483.0,1
10493.0,1
10498.0,1
10508.0,2
10527.0,2
10558.0,1
10593.0,1
10644.0,1
10646.0,1
10649.0,1
10684.0,1
10689.0,1
10692.0,1
10744.0,1
10771.0,1
10813.0,1
10834.0,1
10844.0,1
10885.0,1
10889.0,1
10912.0,1
10947.0,1
10966.0,1
10974.0,1
10976.0,1
10991.0,1
11001.0,1
11018.0,1
11024.0,1
11043.0,1
11053.0,1
11089.0,1
11096.0,1
11113.0,1
11116.0,1
11124.0,1
11149.0,1
11150.0,1
11161.0,1
11165.0,1
11176.0,1
11180.0,1
11199.0,1
11209.0,1
11223.0,1
11276.0,1
11279.0,1
11310.0,1
11319.0,1
11335.0,1
11339.0,1
11340.0,1
11354.0,1
11366.0,1
11384.0,2
11421.0,1
11422.0,1
11495.0,1
11499.0,1
11502.0,1
11514.0,1
11534.0,1
11540.0,1
11543.0,1
11545.0,1
11548.0,1
11555.0,1
11569.0,1
11595.0,1
11609.0,1
11702.0,1
11752.0,1
11757.0,1
11767.0,1
11774.0,1
11794.0,1
11810.0,1
11845.0,1
11924.0,1
11943.0,1
11972.0,1
11983.0,1
11994.0,1
12003.0,1
12007.0,1
12024.0,1
12027.0,1
12028.0,1
12056.0,1
12060.0,1
12157.0,1
12163.0,1
12286.0,1
12303.0,1
12383.0,1
12392.0,1
12404.0,1
12416.0,1
12469.0,1
12521.0,1
12529.0,1
12536.0,1
12553.0,1
12561.0,1
12583.0,1
12622.0,1
12647.0,1
12656.0,1
12670.0,1
12740.0,1
12747.0,2
12763.0,1
12807.0,1
12828.0,1
12858.0,1
12890.0,1
12906.0,1
12909.0,1
12913.0,1
12927.0,1
12936.0,1
12981.0,1
12995.0,1
13083.0,1
13097.0,1
13098.0,1
13110.0,1
13145.0,1
13181.0,1
13183.0,1
13190.0,1
13268.0,1
13270.0,1
13308.0,1
13334.0,1
13350.0,1
13355.0,1
13359.0,1
13380.0,1
13388.0,1
13392.0,1
13402.0,1
13417.0,1
13456.0,1
13462.0,1
13499.0,1
13513.0,1
13526.0,1
13560.0,1
13571.0,1
13577.0,1
13600.0,1
13685.0,2
13704.0,1
13798.0,1
13806.0,1
13837.0,1
13928.0,1
13970.0,1
13978.0,1
14002.0,1
14021.0,1
14053.0,1
14079.0,1
14080.0,1
14142.0,1
14190.0,1
14309.0,1
14319.0,1
14344.0,1
14361.0,1
14365.0,1
14367.0,1
14372.0,1
14542.0,1
14550.0,1
14589.0,1
14590.0,1
14602.0,1
14655.0,1
14700.0,1
14766.0,1
14779.0,1
14802.0,1
14859.0,1
14864.0,1
14915.0,1
14924.0,1
14966.0,1
15047.0,1
15057.0,1
15077.0,1
15101.0,1
15113.0,1
15167.0,1
15194.0,1
15214.0,1
15218.0,1
15248.0,1
15284.0,1
15307.0,1
15349.0,1
15657.0,1
15749.0,1
15778.0,1
15796.0,1
15819.0,1
15820.0,1
15861.0,1
15911.0,1
16062.0,1
16141.0,1
16227.0,1
16241.0,2
16263.0,1
16336.0,1
16578.0,1
16584.0,1
16646.0,1
16689.0,1
16806.0,1
16857.0,1
16920.0,1
16939.0,1
16960.0,1
17038.0,1
17089.0,1
17192.0,1
17283.0,1
17379.0,1
17422.0,1
17456.0,1
17496.0,1
17603.0,1
17608.0,1
17777.0,1
17830.0,1
17915.0,1
17958.0,1
17972.0,1
17976.0,1
18048.0,1
18086.0,1
18119.0,1
18122.0,1
18185.0,1
18198.0,1
18309.0,1
18349.0,1
18640.0,1
18648.0,1
18864.0,1
18940.0,1
19023.0,1
19241.0,1
19304.0,1
19305.0,1
19365.0,1
19526.0,1
19763.0,1
19801.0,1
19810.0,1
19882.0,1
20035.0,1
20064.0,1
20298.0,1
20300.0,1
20389.0,1
20408.0,1
20502.0,1
20848.0,1
20856.0,1
20913.0,1
20962.0,1
21311.0,1
21397.0,1
22248.0,1
22370.0,1
22477.0,1
22709.0,1
22886.0,1
22923.0,1
23040.0,1
23046.0,1
24177.0,1
24225.0,1
24382.0,1
24535.0,1
24679.0,1
24900.0,1
25203.0,1
25334.0,1
25367.0,1
25416.0,1
25805.0,1
25842.0,1
25853.0,1
26796.0,1
26815.0,1
27542.0,1
27813.0,1
27815.0,1
28099.0,1
28180.0,1
28195.0,1
28653.0,1
28772.0,1
28858.0,1
29416.0,1
30415.0,1
30442.0,1
30623.0,1
32123.0,1
32678.0,1
32691.0,1
33118.0,1
34394.0,1
34689.0,1
35347.0,1
36454.0,1
36551.0,1
36846.0,1
38602.0,1
40919.0,1
41992.0,1
46140.0,1
57911.0,1
