Degree,Count
0,320781
1,19680
2,12947
3,9930
4,7985
5,6588
6,5705
7,4859
8,4246
9,3863
10,3578
11,3132
12,2942
13,2713
14,2475
15,2265
16,2114
17,2048
18,1883
19,1783
20,1712
21,1633
22,1533
23,1473
24,1421
25,1330
26,1296
27,1288
28,1221
29,1093
30,1140
31,1066
32,977
33,1012
34,953
35,979
36,933
37,855
38,823
39,794
40,785
41,752
42,713
43,726
44,664
45,685
46,688
47,651
48,631
49,632
50,617
51,553
52,582
53,613
54,542
55,549
56,552
57,589
58,518
59,547
60,468
61,473
62,485
63,478
64,481
65,473
66,455
67,441
68,449
69,438
70,381
71,385
72,387
73,425
74,412
75,383
76,367
77,383
78,343
79,337
80,375
81,359
82,332
83,361
84,332
85,347
86,323
87,309
88,305
89,284
90,305
91,321
92,303
93,282
94,262
95,259
96,284
97,304
98,302
99,279
100,278
101,280
102,271
103,278
104,252
105,274
106,221
107,255
108,253
109,259
110,207
111,226
112,241
113,224
114,248
115,265
116,236
117,254
118,226
119,213
120,202
121,235
122,219
123,197
124,220
125,175
126,209
127,166
128,199
129,209
130,184
131,186
132,198
133,184
134,173
135,191
136,197
137,167
138,181
139,197
140,165
141,183
142,173
143,189
144,176
145,171
146,185
147,162
148,158
149,163
150,183
151,175
152,162
153,174
154,169
155,160
156,156
157,134
158,166
159,154
160,164
161,143
162,158
163,137
164,154
165,168
166,136
167,160
168,139
169,133
170,143
171,118
172,126
173,129
174,149
175,136
176,141
177,154
178,132
179,148
180,123
181,140
182,147
183,130
184,125
185,122
186,126
187,117
188,89
189,125
190,119
191,141
192,113
193,122
194,124
195,119
196,115
197,125
198,121
199,121
200,150
201,125
202,118
203,117
204,115
205,107
206,101
207,120
208,112
209,123
210,109
211,116
212,109
213,102
214,93
215,128
216,107
217,119
218,130
219,99
220,99
221,91
222,102
223,103
224,103
225,87
226,113
227,109
228,101
229,94
230,88
231,91
232,88
233,114
234,109
235,85
236,107
237,78
238,86
239,85
240,73
241,98
242,86
243,73
244,102
245,97
246,82
247,103
248,89
249,96
250,99
251,89
252,98
253,87
254,86
255,86
256,97
257,79
258,77
259,94
260,72
261,73
262,85
263,80
264,71
265,81
266,84
267,83
268,82
269,86
270,72
271,88
272,82
273,94
274,88
275,89
276,64
277,86
278,97
279,79
280,66
281,71
282,79
283,83
284,80
285,86
286,77
287,85
288,85
289,59
290,66
291,73
292,69
293,67
294,71
295,69
296,70
297,59
298,88
299,64
300,76
301,81
302,85
303,74
304,73
305,66
306,62
307,77
308,68
309,69
310,64
311,72
312,61
313,80
314,73
315,63
316,58
317,76
318,62
319,64
320,68
321,57
322,63
323,49
324,50
325,64
326,70
327,60
328,58
329,61
330,65
331,60
332,58
333,71
334,55
335,69
336,64
337,74
338,75
339,53
340,65
341,63
342,58
343,33
344,42
345,42
346,76
347,55
348,67
349,55
350,62
351,51
352,60
353,43
354,85
355,59
356,53
357,62
358,51
359,48
360,54
361,52
362,47
363,63
364,56
365,54
366,47
367,53
368,50
369,53
370,52
371,67
372,57
373,43
374,49
375,56
376,37
377,53
378,54
379,54
380,43
381,43
382,64
383,40
384,42
385,49
386,40
387,53
388,38
389,48
390,46
391,61
392,49
393,42
394,44
395,60
396,51
397,66
398,37
399,35
400,43
401,44
402,38
403,34
404,55
405,48
406,40
407,43
408,43
409,43
410,43
411,57
412,63
413,55
414,42
415,47
416,41
417,38
418,51
419,33
420,45
421,40
422,45
423,58
424,60
425,35
426,49
427,33
428,46
429,46
430,37
431,44
432,47
433,39
434,57
435,45
436,38
437,39
438,40
439,32
440,48
441,47
442,38
443,41
444,44
445,39
446,47
447,43
448,36
449,48
450,39
451,36
452,37
453,45
454,38
455,48
456,42
457,43
458,39
459,29
460,40
461,41
462,41
463,35
464,34
465,46
466,42
467,47
468,50
469,47
470,39
471,27
472,43
473,49
474,49
475,37
476,42
477,37
478,35
479,30
480,37
481,27
482,28
483,42
484,37
485,33
486,37
487,30
488,39
489,35
490,41
491,44
492,31
493,31
494,32
495,41
496,46
497,38
498,36
499,31
500,33
501,24
502,46
503,43
504,39
505,33
506,42
507,29
508,22
509,29
510,26
511,34
512,35
513,37
514,31
515,34
516,45
517,26
518,34
519,33
520,30
521,32
522,38
523,27
524,35
525,35
526,24
527,34
528,33
529,36
530,36
531,31
532,36
533,29
534,29
535,39
536,29
537,35
538,35
539,32
540,27
541,37
542,32
543,44
544,25
545,30
546,32
547,31
548,27
549,38
550,34
551,20
552,23
553,33
554,28
555,29
556,26
557,33
558,37
559,31
560,20
561,37
562,25
563,42
564,25
565,27
566,26
567,34
568,21
569,22
570,19
571,30
572,30
573,27
574,38
575,38
576,23
577,23
578,21
579,30
580,26
581,31
582,38
583,27
584,31
585,34
586,27
587,34
588,20
589,28
590,24
591,21
592,25
593,36
594,28
595,27
596,26
597,29
598,27
599,25
600,25
601,29
602,25
603,35
604,29
605,22
606,41
607,15
608,23
609,25
610,36
611,34
612,31
613,21
614,32
615,25
616,21
617,25
618,29
619,22
620,29
621,36
622,23
623,23
624,24
625,19
626,31
627,16
628,35
629,31
630,19
631,27
632,36
633,20
634,31
635,24
636,20
637,27
638,25
639,23
640,23
641,25
642,24
643,22
644,22
645,21
646,18
647,27
648,24
649,28
650,26
651,20
652,28
653,23
654,18
655,23
656,23
657,23
658,21
659,20
660,29
661,21
662,30
663,27
664,24
665,25
666,26
667,17
668,19
669,18
670,16
671,26
672,24
673,29
674,20
675,29
676,21
677,20
678,20
679,33
680,25
681,22
682,28
683,20
684,19
685,25
686,24
687,27
688,22
689,20
690,21
691,20
692,18
693,15
694,26
695,17
696,21
697,19
698,23
699,18
700,25
701,24
702,23
703,24
704,25
705,16
706,23
707,23
708,21
709,17
710,14
711,12
712,34
713,19
714,25
715,17
716,22
717,28
718,15
719,15
720,17
721,28
722,22
723,21
724,19
725,28
726,19
727,15
728,18
729,15
730,19
731,17
732,19
733,26
734,22
735,20
736,19
737,18
738,27
739,17
740,19
741,23
742,25
743,13
744,23
745,18
746,17
747,19
748,17
749,12
750,26
751,10
752,15
753,25
754,20
755,17
756,24
757,18
758,16
759,19
760,19
761,24
762,17
763,15
764,14
765,20
766,16
767,21
768,27
769,15
770,26
771,15
772,15
773,18
774,21
775,19
776,27
777,18
778,12
779,21
780,17
781,21
782,19
783,20
784,17
785,21
786,24
787,16
788,13
789,22
790,25
791,20
792,24
793,13
794,17
795,11
796,21
797,14
798,12
799,16
800,13
801,19
802,30
803,21
804,5
805,15
806,22
807,8
808,14
809,20
810,13
811,10
812,19
813,12
814,23
815,16
816,20
817,18
818,26
819,13
820,20
821,22
822,23
823,16
824,23
825,19
826,14
827,17
828,16
829,6
830,20
831,10
832,12
833,17
834,27
835,18
836,14
837,20
838,14
839,11
840,24
841,25
842,17
843,13
844,15
845,20
846,17
847,21
848,17
849,18
850,15
851,23
852,8
853,13
854,20
855,14
856,13
857,14
858,14
859,15
860,10
861,14
862,14
863,12
864,15
865,20
866,13
867,18
868,19
869,13
870,21
871,12
872,16
873,13
874,15
875,15
876,18
877,16
878,10
879,25
880,14
881,16
882,16
883,11
884,14
885,5
886,12
887,18
888,19
889,22
890,14
891,23
892,16
893,15
894,12
895,15
896,16
897,11
898,12
899,15
900,10
901,16
902,17
903,12
904,11
905,12
906,17
907,14
908,19
909,12
910,18
911,13
912,14
913,16
914,10
915,20
916,18
917,13
918,16
919,12
920,16
921,25
922,14
923,9
924,22
925,19
926,16
927,11
928,14
929,21
930,14
931,14
932,11
933,12
934,15
935,14
936,20
937,16
938,14
939,21
940,12
941,8
942,24
943,15
944,9
945,14
946,14
947,14
948,17
949,14
950,24
951,9
952,10
953,17
954,21
955,10
956,21
957,14
958,15
959,9
960,12
961,17
962,14
963,15
964,21
965,14
966,13
967,13
968,10
969,12
970,13
971,8
972,16
973,11
974,17
975,12
976,10
977,20
978,13
979,13
980,14
981,19
982,15
983,14
984,11
985,17
986,10
987,7
988,13
989,16
990,11
991,7
992,14
993,16
994,17
995,14
996,13
997,12
998,12
999,12
1000,10
1001,12
1002,20
1003,10
1004,10
1005,13
1006,17
1007,18
1008,7
1009,12
1010,11
1011,8
1012,13
1013,10
1014,13
1015,14
1016,13
1017,16
1018,13
1019,5
1020,11
1021,21
1022,11
1023,6
1024,9
1025,14
1026,9
1027,8
1028,11
1029,14
1030,15
1031,17
1032,9
1033,20
1034,8
1035,7
1036,9
1037,12
1038,7
1039,10
1040,19
1041,14
1042,11
1043,12
1044,10
1045,18
1046,10
1047,14
1048,10
1049,7
1050,18
1051,12
1052,8
1053,14
1054,14
1055,9
1056,15
1057,12
1058,6
1059,12
1060,13
1061,4
1062,12
1063,9
1064,13
1065,4
1066,13
1067,11
1068,13
1069,8
1070,14
1071,8
1072,11
1073,10
1074,9
1075,11
1076,14
1077,15
1078,5
1079,21
1080,15
1081,9
1082,12
1083,12
1084,14
1085,7
1086,7
1087,9
1088,16
1089,14
1090,10
1091,7
1092,11
1093,6
1094,5
1095,14
1096,10
1097,8
1098,6
1099,11
1100,7
1101,16
1102,16
1103,9
1104,9
1105,17
1106,11
1107,10
1108,16
1109,6
1110,15
1111,8
1112,15
1113,7
1114,10
1115,7
1116,15
1117,9
1118,14
1119,11
1120,14
1121,10
1122,12
1123,10
1124,10
1125,15
1126,16
1127,18
1128,13
1129,8
1130,11
1131,13
1132,8
1133,17
1134,18
1135,11
1136,10
1137,13
1138,14
1139,7
1140,12
1141,6
1142,14
1143,11
1144,11
1145,10
1146,8
1147,16
1148,9
1149,13
1150,5
1151,8
1152,5
1153,15
1154,10
1155,8
1156,11
1157,7
1158,14
1159,10
1160,7
1161,11
1162,11
1163,3
1164,13
1165,10
1166,7
1167,13
1168,10
1169,13
1170,8
1171,9
1172,6
1173,12
1174,6
1175,5
1176,8
1177,11
1178,8
1179,6
1180,8
1181,11
1182,9
1183,16
1184,4
1185,11
1186,10
1187,10
1188,11
1189,15
1190,13
1191,7
1192,9
1193,14
1194,8
1195,14
1196,7
1197,9
1198,7
1199,6
1200,10
1201,13
1202,11
1203,14
1204,10
1205,7
1206,8
1207,7
1208,12
1209,7
1210,10
1211,9
1212,10
1213,8
1214,6
1215,9
1216,11
1217,9
1218,10
1219,9
1220,6
1221,12
1222,16
1223,7
1224,18
1225,5
1226,11
1227,7
1228,12
1229,10
1230,9
1231,11
1232,9
1233,9
1234,5
1235,8
1236,12
1237,11
1238,7
1239,10
1240,12
1241,8
1242,10
1243,8
1244,10
1245,10
1246,5
1247,10
1248,10
1249,5
1250,10
1251,8
1252,17
1253,6
1254,12
1255,3
1256,8
1257,6
1258,7
1259,8
1260,7
1261,12
1262,7
1263,6
1264,12
1265,15
1266,8
1267,10
1268,7
1269,7
1270,9
1271,10
1272,8
1273,7
1274,13
1275,11
1276,8
1277,4
1278,7
1279,7
1280,8
1281,6
1282,7
1283,11
1284,4
1285,11
1286,6
1287,9
1288,9
1289,14
1290,15
1291,7
1292,9
1293,9
1294,11
1295,7
1296,7
1297,12
1298,7
1299,16
1300,4
1301,8
1302,9
1303,7
1304,7
1305,6
1306,8
1307,12
1308,8
1309,9
1310,12
1311,8
1312,7
1313,8
1314,5
1315,5
1316,12
1317,5
1318,8
1319,11
1320,8
1321,9
1322,9
1323,8
1324,5
1325,8
1326,8
1327,7
1328,6
1329,9
1330,10
1331,9
1332,13
1333,6
1334,8
1335,6
1336,8
1337,7
1338,8
1339,3
1340,14
1341,3
1342,8
1343,4
1344,9
1345,7
1346,6
1347,6
1348,8
1349,7
1350,13
1351,10
1352,11
1353,5
1354,3
1355,7
1356,7
1357,6
1358,12
1359,8
1360,9
1361,8
1362,7
1363,14
1364,9
1365,4
1366,5
1367,6
1368,10
1369,7
1370,3
1371,8
1372,7
1373,7
1374,3
1375,3
1376,9
1377,9
1378,10
1379,7
1380,9
1381,9
1382,5
1383,14
1384,6
1385,10
1386,6
1387,6
1388,10
1389,10
1390,7
1391,8
1392,10
1393,12
1394,3
1395,10
1396,10
1397,4
1398,5
1399,5
1400,7
1401,6
1402,12
1403,7
1404,8
1405,4
1406,6
1407,6
1408,6
1409,7
1410,5
1411,11
1412,7
1413,5
1414,11
1415,9
1416,8
1417,6
1418,15
1419,8
1420,10
1421,11
1422,8
1423,6
1424,9
1425,6
1426,5
1427,7
1428,4
1429,6
1430,7
1431,13
1432,5
1433,2
1434,12
1435,11
1436,7
1437,7
1438,4
1439,5
1440,8
1441,6
1442,6
1443,7
1444,9
1445,6
1446,6
1447,5
1448,8
1449,14
1450,3
1451,6
1452,8
1453,4
1454,4
1455,5
1456,7
1457,9
1458,10
1459,5
1460,3
1461,8
1462,3
1463,6
1464,11
1465,12
1466,4
1467,5
1468,5
1469,7
1470,4
1471,7
1472,6
1473,8
1474,3
1475,6
1476,6
1477,4
1478,7
1479,6
1480,6
1481,10
1482,8
1483,4
1484,5
1485,7
1486,7
1487,9
1488,6
1489,3
1490,9
1491,8
1492,4
1493,3
1494,6
1495,7
1496,5
1497,4
1498,12
1499,3
1500,8
1501,6
1502,6
1503,10
1504,5
1505,7
1506,5
1507,12
1508,4
1509,7
1510,9
1511,4
1512,6
1513,6
1514,5
1515,5
1516,8
1517,4
1518,6
1519,7
1520,5
1521,4
1522,8
1523,4
1524,6
1525,9
1526,8
1527,8
1528,8
1529,10
1530,5
1531,5
1532,5
1533,7
1534,5
1535,2
1536,7
1537,9
1538,2
1539,14
1540,4
1541,9
1542,3
1543,2
1544,5
1545,5
1546,9
1547,5
1548,7
1549,6
1550,3
1551,10
1552,3
1553,6
1554,3
1555,7
1556,5
1557,9
1558,6
1559,2
1560,4
1561,8
1562,5
1563,4
1564,7
1565,2
1566,5
1567,14
1568,5
1569,5
1570,5
1571,4
1572,7
1573,5
1574,8
1575,7
1576,9
1577,7
1578,9
1579,3
1580,4
1581,10
1582,4
1583,8
1584,6
1585,11
1586,6
1587,11
1588,5
1589,6
1590,7
1591,5
1592,5
1593,7
1594,6
1595,9
1596,5
1597,5
1598,1
1599,6
1600,6
1601,12
1602,5
1603,5
1604,5
1605,2
1606,6
1607,2
1608,9
1609,6
1610,7
1611,3
1612,4
1613,6
1614,4
1615,8
1616,5
1617,2
1618,12
1619,1
1620,4
1621,3
1622,5
1623,6
1624,4
1625,5
1626,7
1627,5
1628,5
1629,9
1630,6
1631,6
1632,6
1633,5
1634,7
1635,1
1636,8
1637,3
1638,8
1639,3
1640,5
1641,11
1642,9
1643,5
1644,6
1645,6
1646,6
1647,3
1648,4
1649,2
1650,8
1651,5
1652,7
1653,7
1654,9
1655,10
1656,3
1657,5
1658,6
1659,1
1660,4
1661,4
1662,5
1663,7
1664,3
1665,7
1666,5
1667,4
1668,4
1669,5
1670,4
1671,4
1672,2
1673,7
1674,3
1675,7
1676,2
1677,11
1678,8
1679,7
1680,9
1681,5
1682,5
1683,7
1684,11
1685,4
1686,8
1687,3
1688,3
1689,8
1690,5
1691,5
1692,6
1693,4
1694,4
1695,9
1696,6
1697,8
1698,9
1699,7
1700,4
1701,13
1702,6
1703,6
1704,4
1705,4
1706,2
1707,7
1708,3
1709,9
1710,7
1711,5
1712,6
1713,4
1714,4
1715,6
1716,9
1717,7
1718,4
1719,3
1720,8
1721,4
1722,9
1723,9
1724,3
1725,6
1726,4
1727,6
1728,2
1729,6
1730,3
1731,2
1732,6
1733,3
1734,5
1735,7
1736,4
1737,7
1738,4
1739,4
1740,6
1741,5
1742,10
1743,6
1744,1
1745,4
1746,6
1747,5
1748,3
1749,1
1750,4
1751,4
1752,9
1753,6
1754,4
1755,5
1756,5
1757,3
1758,5
1759,5
1760,4
1761,9
1762,6
1763,4
1764,6
1765,3
1766,3
1767,3
1768,5
1769,5
1770,4
1771,9
1772,2
1773,5
1774,6
1775,4
1776,4
1777,1
1778,4
1779,4
1780,6
1781,8
1782,6
1783,5
1784,6
1785,3
1786,7
1787,3
1788,5
1789,4
1790,6
1791,8
1792,4
1793,6
1794,2
1795,5
1796,1
1797,6
1798,8
1799,3
1800,6
1801,3
1802,5
1803,6
1804,6
1805,4
1806,7
1807,7
1808,5
1809,5
1810,4
1811,5
1812,2
1813,1
1814,3
1815,2
1816,4
1817,5
1818,2
1819,5
1820,5
1821,4
1822,3
1823,6
1824,6
1825,8
1826,5
1827,3
1828,2
1829,8
1830,3
1831,2
1832,8
1833,6
1834,4
1835,3
1836,6
1837,5
1838,5
1839,3
1840,1
1841,2
1842,7
1843,5
1844,4
1845,4
1846,5
1847,3
1848,5
1849,4
1850,5
1851,9
1852,9
1853,6
1854,3
1855,4
1856,6
1857,9
1858,3
1859,2
1860,8
1861,4
1862,3
1863,2
1864,3
1865,5
1866,3
1867,2
1868,8
1869,4
1870,5
1871,4
1872,4
1873,1
1874,1
1875,2
1876,4
1877,2
1878,3
1879,7
1880,1
1881,3
1882,6
1883,4
1884,7
1885,6
1886,5
1887,6
1888,5
1889,2
1890,3
1891,4
1892,9
1893,7
1894,4
1895,7
1896,7
1897,4
1898,2
1899,1
1900,3
1901,4
1902,6
1903,4
1904,3
1905,6
1906,4
1907,4
1908,2
1909,7
1910,5
1911,5
1912,4
1913,4
1914,2
1915,4
1916,3
1917,5
1918,3
1919,4
1920,3
1921,6
1922,5
1923,11
1924,1
1925,3
1926,2
1927,2
1928,2
1929,4
1930,7
1931,3
1932,3
1933,6
1934,6
1935,6
1936,4
1937,5
1938,7
1939,5
1940,6
1941,5
1942,5
1943,7
1944,4
1945,9
1946,6
1947,5
1948,3
1949,5
1950,4
1951,9
1952,3
1953,4
1954,1
1955,5
1956,5
1957,5
1958,3
1959,6
1960,4
1961,1
1962,4
1963,3
1964,4
1965,5
1966,4
1967,6
1968,5
1969,6
1970,2
1971,5
1972,2
1973,6
1974,3
1975,1
1976,3
1977,1
1978,1
1979,7
1980,5
1981,5
1982,5
1983,2
1984,6
1985,5
1986,6
1987,4
1988,5
1989,7
1990,2
1991,5
1992,8
1993,3
1994,7
1995,5
1996,3
1997,5
1998,2
1999,3
2000,2
2001,3
2002,2
2003,7
2004,6
2005,5
2006,4
2007,4
2008,5
2009,4
2010,4
2011,7
2012,4
2013,6
2014,2
2015,2
2016,5
2017,2
2018,4
2019,5
2020,3
2021,2
2022,7
2023,4
2024,3
2025,4
2026,10
2027,3
2028,4
2029,4
2030,7
2031,4
2032,6
2033,2
2034,1
2035,3
2036,2
2037,6
2038,3
2040,3
2041,2
2042,3
2043,3
2044,4
2045,6
2046,3
2047,3
2048,3
2049,1
2050,1
2051,1
2052,6
2053,3
2054,4
2055,5
2056,2
2057,2
2058,5
2059,3
2061,3
2062,6
2063,1
2064,1
2065,4
2066,1
2067,1
2068,3
2069,1
2070,5
2071,4
2072,4
2073,2
2074,4
2075,4
2076,6
2077,5
2078,3
2079,1
2080,3
2081,4
2082,4
2083,7
2084,3
2085,1
2086,5
2087,2
2088,1
2089,4
2090,3
2091,2
2092,2
2093,4
2094,2
2095,1
2096,1
2098,2
2099,2
2100,1
2101,4
2102,6
2103,1
2104,3
2105,5
2106,1
2107,3
2108,1
2109,4
2110,3
2111,5
2112,4
2113,4
2114,6
2115,2
2116,3
2117,2
2118,7
2120,5
2121,6
2122,1
2123,2
2124,4
2125,2
2126,2
2127,4
2128,2
2129,1
2130,3
2131,5
2132,3
2133,4
2134,2
2135,1
2136,4
2137,1
2138,5
2139,4
2140,1
2141,4
2142,4
2143,4
2144,2
2145,2
2146,3
2147,2
2148,4
2149,9
2150,7
2151,4
2152,4
2153,2
2154,4
2155,2
2156,1
2157,1
2158,4
2159,2
2160,3
2161,3
2162,3
2163,4
2164,2
2165,1
2166,5
2167,5
2168,2
2169,3
2170,2
2171,3
2172,2
2173,4
2174,5
2175,1
2176,3
2177,4
2178,3
2179,3
2180,9
2182,3
2183,3
2184,5
2185,5
2186,5
2187,3
2188,3
2189,3
2190,1
2191,5
2192,1
2193,5
2194,4
2195,2
2196,4
2198,1
2199,3
2200,5
2201,1
2202,3
2203,4
2204,4
2205,4
2206,5
2207,2
2208,3
2209,2
2210,2
2211,4
2212,2
2214,2
2215,4
2216,3
2217,2
2218,3
2219,3
2220,4
2221,4
2222,3
2223,3
2224,3
2225,5
2226,4
2227,3
2228,2
2229,1
2230,8
2231,2
2232,3
2233,3
2234,7
2235,4
2236,3
2237,5
2238,2
2239,5
2240,6
2241,5
2242,5
2243,6
2244,2
2245,2
2246,1
2247,4
2248,4
2249,2
2250,2
2251,3
2252,4
2253,7
2254,1
2255,2
2256,3
2257,2
2258,1
2259,2
2261,4
2262,4
2263,6
2264,1
2265,2
2266,6
2267,3
2268,2
2269,1
2270,6
2271,4
2272,1
2273,2
2274,2
2275,2
2276,2
2277,2
2278,2
2279,4
2280,2
2281,4
2282,1
2283,2
2284,2
2285,3
2286,1
2287,2
2289,3
2290,5
2291,3
2292,3
2293,3
2294,1
2295,3
2296,6
2297,3
2298,3
2300,2
2301,4
2302,2
2303,4
2304,8
2305,2
2307,5
2309,8
2310,3
2311,2
2312,3
2313,4
2314,1
2315,1
2316,4
2317,6
2318,4
2319,3
2320,2
2321,3
2322,1
2323,5
2324,3
2325,3
2327,1
2328,2
2329,1
2330,3
2331,3
2332,3
2333,1
2334,3
2335,1
2336,1
2337,2
2338,1
2339,5
2340,4
2341,2
2342,2
2343,2
2344,4
2345,2
2346,3
2347,4
2348,8
2349,4
2350,5
2351,2
2353,3
2354,5
2355,4
2356,2
2357,3
2358,4
2359,3
2360,1
2361,3
2362,3
2363,2
2364,2
2365,4
2366,1
2367,5
2368,5
2369,3
2370,2
2371,2
2372,4
2373,4
2374,3
2375,3
2376,2
2377,3
2378,1
2379,3
2380,3
2381,3
2382,4
2383,3
2384,2
2385,6
2386,4
2387,2
2388,2
2390,3
2391,4
2392,2
2393,2
2395,4
2396,1
2397,2
2398,4
2399,4
2400,4
2401,4
2402,1
2403,1
2404,5
2405,3
2406,2
2407,1
2408,2
2409,2
2410,4
2411,2
2412,2
2413,3
2414,1
2415,3
2416,2
2417,4
2418,2
2419,2
2420,1
2421,3
2423,2
2424,4
2427,2
2428,5
2429,4
2430,2
2431,2
2432,4
2433,3
2434,1
2435,2
2436,3
2437,2
2438,4
2439,2
2440,2
2441,2
2442,2
2443,1
2444,5
2445,1
2446,2
2447,2
2448,3
2449,4
2450,4
2451,1
2452,2
2453,1
2454,4
2455,3
2456,2
2457,4
2458,7
2459,3
2460,5
2461,1
2462,4
2463,2
2464,5
2465,1
2466,4
2467,2
2468,1
2469,5
2470,2
2471,1
2472,4
2473,3
2474,4
2475,4
2476,2
2477,2
2478,3
2479,1
2480,3
2481,4
2482,5
2483,2
2484,5
2485,6
2486,4
2487,1
2488,7
2489,1
2491,4
2492,6
2495,2
2497,1
2498,3
2499,4
2500,2
2501,3
2502,3
2503,2
2504,2
2505,2
2506,3
2507,2
2508,6
2509,3
2510,1
2511,3
2512,1
2513,5
2514,3
2515,3
2517,3
2518,4
2519,1
2520,3
2521,6
2522,1
2523,2
2524,1
2525,3
2526,2
2527,2
2529,2
2530,2
2531,3
2532,1
2533,4
2534,4
2535,1
2537,1
2538,3
2541,3
2542,6
2543,2
2544,3
2545,2
2546,4
2547,3
2548,4
2549,2
2552,3
2553,4
2554,1
2555,4
2556,2
2557,2
2558,4
2559,3
2560,1
2561,3
2562,4
2563,1
2564,2
2565,3
2566,2
2567,4
2568,4
2569,3
2570,4
2571,1
2572,5
2573,5
2574,1
2575,3
2576,3
2577,4
2578,5
2579,1
2582,3
2583,1
2584,1
2585,6
2586,3
2587,1
2588,1
2589,3
2591,2
2592,1
2594,3
2595,4
2596,3
2597,2
2598,6
2599,2
2600,1
2601,2
2602,3
2603,4
2604,1
2605,2
2606,1
2607,4
2609,2
2610,5
2611,1
2612,4
2613,1
2614,3
2616,3
2617,2
2618,1
2619,1
2620,2
2621,2
2622,2
2623,5
2624,4
2625,1
2626,4
2628,2
2629,1
2630,3
2631,6
2632,1
2634,2
2635,4
2636,3
2637,5
2638,4
2639,1
2640,3
2641,4
2642,1
2643,4
2644,1
2645,3
2646,4
2647,6
2648,3
2649,2
2651,2
2652,3
2653,2
2654,3
2655,2
2657,1
2658,1
2659,3
2660,6
2661,1
2662,1
2663,1
2664,2
2666,1
2667,2
2668,1
2669,3
2670,2
2671,4
2672,1
2673,2
2674,3
2675,5
2676,3
2677,1
2678,1
2679,1
2681,1
2682,2
2683,1
2684,3
2685,2
2686,2
2687,2
2688,1
2689,2
2690,2
2691,1
2692,5
2693,1
2694,3
2695,2
2697,1
2698,7
2699,4
2700,1
2701,3
2702,3
2703,1
2705,3
2706,3
2707,2
2709,3
2711,2
2712,1
2713,2
2714,4
2715,3
2717,4
2718,2
2719,4
2720,5
2721,1
2722,1
2724,2
2725,2
2726,1
2727,2
2728,3
2729,3
2730,3
2731,6
2732,3
2733,1
2734,4
2735,2
2736,2
2737,1
2738,3
2739,2
2740,3
2741,1
2742,1
2743,1
2744,2
2745,1
2746,4
2747,1
2748,3
2749,2
2750,4
2751,2
2752,1
2753,3
2754,2
2755,4
2756,2
2757,2
2759,4
2760,3
2761,1
2762,1
2764,3
2765,3
2767,1
2768,3
2769,1
2770,4
2771,2
2772,1
2773,1
2774,2
2775,2
2776,2
2777,1
2778,2
2779,2
2780,1
2781,1
2782,2
2783,3
2784,3
2786,2
2788,1
2791,2
2792,2
2793,3
2794,5
2796,3
2797,2
2799,1
2800,1
2802,4
2803,1
2804,4
2805,4
2806,3
2807,3
2808,4
2809,4
2810,4
2811,3
2812,3
2813,2
2814,1
2817,3
2818,3
2819,2
2820,3
2821,3
2823,1
2824,1
2826,3
2827,4
2828,4
2829,1
2830,3
2831,3
2832,3
2833,1
2834,5
2835,2
2836,2
2837,1
2838,4
2839,4
2840,4
2841,3
2842,2
2844,4
2845,1
2847,1
2848,2
2849,3
2850,1
2851,2
2852,2
2853,4
2854,1
2855,1
2856,1
2857,4
2858,2
2859,1
2860,2
2862,2
2864,4
2865,2
2867,6
2869,1
2870,3
2871,2
2872,2
2873,3
2874,1
2875,2
2876,2
2877,3
2878,1
2879,1
2881,2
2882,2
2883,2
2885,2
2886,1
2887,3
2889,2
2890,5
2893,1
2894,4
2896,3
2897,2
2899,2
2900,3
2902,5
2903,2
2904,1
2906,3
2907,3
2908,1
2909,1
2910,6
2911,3
2912,2
2915,2
2916,3
2917,2
2918,2
2919,4
2920,4
2921,1
2922,2
2924,2
2925,1
2926,3
2927,1
2928,1
2929,1
2931,2
2932,4
2933,1
2935,3
2936,1
2937,1
2938,2
2939,3
2940,2
2942,1
2943,2
2944,1
2945,2
2948,1
2949,1
2950,1
2951,2
2952,1
2953,2
2954,1
2956,1
2957,3
2958,3
2959,3
2960,3
2961,4
2962,4
2963,1
2965,1
2966,1
2967,1
2968,1
2969,4
2970,2
2971,3
2973,3
2974,1
2975,1
2976,1
2977,3
2978,3
2979,1
2980,1
2981,1
2982,1
2984,3
2985,2
2986,1
2987,2
2988,1
2990,1
2992,3
2994,2
2995,2
2996,1
2998,2
2999,2
3000,1
3001,4
3003,3
3004,2
3006,1
3007,1
3008,3
3010,3
3011,2
3012,2
3014,2
3016,3
3017,3
3018,3
3019,3
3021,3
3022,3
3023,4
3025,1
3026,2
3027,4
3028,2
3029,2
3030,2
3031,2
3033,3
3034,2
3035,2
3036,3
3037,4
3038,1
3039,1
3040,1
3041,2
3042,1
3043,5
3044,3
3045,5
3047,1
3048,2
3049,3
3050,1
3051,1
3053,6
3055,2
3056,1
3057,1
3058,4
3060,2
3062,2
3063,2
3064,5
3065,1
3066,3
3067,1
3068,2
3069,1
3071,2
3072,1
3073,4
3074,4
3076,2
3077,5
3078,1
3079,1
3080,1
3081,3
3082,2
3083,1
3084,1
3085,2
3087,2
3088,2
3089,2
3090,2
3091,1
3092,2
3093,1
3094,4
3095,3
3098,1
3099,1
3100,2
3101,4
3102,3
3104,3
3105,1
3106,1
3107,3
3108,3
3109,2
3110,1
3111,2
3112,2
3115,3
3116,4
3117,1
3118,1
3119,1
3122,3
3123,2
3124,2
3125,2
3126,2
3127,1
3128,1
3129,1
3130,1
3132,1
3133,1
3135,2
3136,4
3137,2
3138,1
3139,1
3140,2
3141,1
3143,3
3144,3
3145,2
3146,1
3148,4
3149,2
3150,2
3151,6
3152,3
3153,3
3156,1
3157,1
3158,7
3160,1
3161,3
3162,2
3163,3
3164,2
3165,2
3166,5
3167,2
3169,2
3170,2
3171,1
3172,1
3173,2
3174,1
3175,1
3176,1
3177,2
3178,1
3179,1
3180,2
3182,1
3183,1
3185,2
3186,2
3188,1
3189,1
3190,3
3191,1
3192,5
3193,2
3194,2
3195,3
3196,1
3197,1
3198,1
3199,3
3200,4
3201,2
3202,3
3203,3
3204,2
3205,1
3206,1
3208,2
3210,2
3213,2
3214,1
3215,1
3216,2
3218,1
3219,2
3220,4
3221,1
3223,2
3225,2
3226,4
3227,4
3228,1
3229,2
3230,2
3231,3
3232,2
3233,6
3234,1
3235,3
3236,3
3237,1
3239,3
3240,1
3242,1
3243,1
3244,2
3246,2
3247,2
3248,1
3250,1
3251,2
3252,4
3253,2
3254,2
3255,1
3256,3
3257,1
3258,1
3259,1
3260,1
3261,4
3263,4
3264,1
3265,1
3266,1
3267,1
3268,1
3269,1
3271,2
3272,1
3274,1
3275,2
3276,2
3277,1
3279,1
3281,1
3282,1
3283,3
3284,1
3285,1
3288,5
3289,1
3291,3
3292,2
3293,4
3294,1
3295,1
3296,2
3297,4
3298,2
3300,2
3301,3
3303,1
3304,1
3305,3
3307,1
3308,2
3310,2
3311,1
3313,2
3314,3
3315,1
3317,3
3319,1
3321,1
3322,3
3323,1
3325,1
3326,5
3327,5
3330,2
3331,6
3332,3
3333,2
3334,2
3335,2
3338,2
3340,1
3341,1
3342,1
3344,4
3346,1
3348,2
3354,2
3356,1
3357,2
3359,1
3360,1
3361,2
3362,2
3364,2
3365,1
3366,2
3367,1
3369,1
3370,1
3372,1
3373,1
3374,2
3375,1
3376,1
3377,1
3378,3
3379,2
3380,4
3382,2
3383,1
3385,1
3387,2
3388,3
3390,1
3391,2
3393,3
3395,2
3396,4
3397,1
3398,1
3399,2
3401,2
3403,2
3405,5
3406,1
3407,5
3408,3
3409,1
3411,1
3413,2
3416,2
3417,2
3418,1
3419,4
3420,2
3421,1
3422,1
3423,1
3424,4
3425,1
3426,5
3427,3
3428,1
3429,3
3431,1
3432,4
3433,1
3434,1
3435,1
3437,2
3438,1
3439,1
3440,1
3443,2
3446,2
3447,2
3448,2
3449,2
3450,1
3451,1
3453,2
3455,1
3456,2
3457,1
3458,2
3459,2
3460,1
3461,3
3462,1
3465,2
3466,1
3467,1
3468,4
3469,2
3472,1
3473,3
3474,2
3475,1
3478,5
3479,1
3482,1
3483,1
3484,2
3485,4
3486,2
3489,1
3490,1
3493,1
3494,2
3497,1
3498,2
3499,1
3500,1
3503,1
3504,5
3505,1
3506,3
3507,1
3508,1
3509,1
3510,2
3511,2
3512,2
3513,2
3514,1
3515,1
3516,1
3517,1
3518,1
3519,1
3520,4
3522,2
3524,1
3525,1
3526,2
3527,2
3528,1
3529,2
3531,1
3532,1
3533,1
3534,3
3536,1
3537,1
3538,1
3539,1
3540,2
3542,1
3543,1
3544,2
3545,1
3547,1
3548,1
3549,1
3550,1
3551,3
3552,1
3553,1
3554,1
3555,1
3556,3
3557,2
3558,2
3559,2
3560,3
3562,1
3563,5
3564,2
3565,2
3566,1
3567,2
3568,2
3572,1
3573,3
3574,2
3576,1
3577,2
3578,2
3581,1
3583,2
3584,1
3585,1
3586,1
3587,1
3588,1
3590,1
3591,1
3592,1
3593,2
3594,1
3595,5
3597,1
3599,1
3600,3
3601,2
3603,2
3604,1
3605,2
3607,3
3608,3
3609,2
3610,1
3611,1
3614,2
3615,1
3616,2
3621,1
3625,1
3627,1
3628,2
3629,2
3630,1
3633,1
3634,1
3635,1
3637,1
3638,1
3639,1
3642,1
3643,2
3644,2
3645,1
3646,2
3647,1
3648,4
3649,1
3650,2
3651,1
3656,4
3657,2
3658,1
3659,1
3660,2
3661,2
3663,1
3664,3
3665,2
3666,1
3669,2
3670,1
3671,1
3672,2
3673,2
3674,1
3675,1
3678,4
3680,1
3681,1
3683,1
3685,2
3686,1
3687,1
3689,5
3690,1
3692,1
3694,1
3695,2
3698,1
3699,1
3700,1
3701,2
3703,2
3706,2
3707,1
3708,3
3709,3
3711,3
3712,1
3713,1
3714,2
3715,1
3716,1
3718,2
3721,1
3722,2
3723,1
3724,1
3725,3
3726,2
3727,1
3728,1
3729,3
3733,1
3735,1
3737,1
3739,1
3740,2
3742,2
3743,2
3744,2
3747,1
3748,2
3749,2
3752,2
3753,2
3756,2
3757,1
3760,2
3763,1
3764,1
3766,1
3767,1
3768,1
3770,4
3771,1
3775,2
3777,2
3778,2
3779,1
3780,2
3781,1
3782,1
3783,1
3784,1
3787,1
3788,2
3789,1
3790,1
3791,2
3792,1
3793,1
3795,1
3796,1
3797,1
3798,2
3799,2
3800,1
3801,1
3803,1
3804,1
3805,4
3806,1
3807,2
3809,1
3810,1
3811,2
3812,1
3814,2
3815,2
3816,1
3819,3
3820,3
3821,1
3822,2
3823,1
3824,2
3825,1
3829,5
3830,1
3831,1
3832,1
3833,1
3839,4
3842,1
3844,1
3845,2
3846,1
3847,3
3849,3
3852,3
3854,1
3855,1
3858,2
3859,1
3860,1
3863,1
3864,2
3865,2
3867,2
3870,1
3871,1
3872,1
3873,5
3874,1
3876,2
3882,2
3883,2
3885,1
3888,1
3890,2
3891,1
3892,2
3893,2
3895,1
3896,1
3897,1
3899,2
3900,1
3904,2
3906,2
3907,1
3908,2
3910,1
3912,2
3913,2
3914,1
3919,1
3920,2
3921,1
3923,2
3924,2
3927,2
3928,1
3929,3
3932,1
3934,2
3935,3
3938,1
3939,1
3940,1
3941,1
3943,3
3945,2
3946,1
3950,1
3952,1
3955,1
3956,1
3959,2
3960,1
3961,2
3963,1
3969,1
3970,2
3971,1
3972,1
3974,1
3977,1
3980,3
3981,1
3984,1
3985,1
3986,2
3988,1
3989,1
3991,1
3992,1
3996,1
3999,2
4002,3
4004,1
4005,1
4008,2
4009,1
4010,2
4011,4
4012,1
4015,1
4016,1
4017,1
4018,1
4021,1
4022,2
4023,1
4025,1
4026,1
4028,4
4030,1
4031,2
4032,1
4033,1
4034,1
4036,1
4037,1
4038,3
4039,5
4040,2
4042,2
4043,2
4044,2
4045,1
4046,4
4048,1
4050,1
4051,1
4053,1
4054,1
4059,3
4060,2
4064,1
4065,1
4067,1
4069,2
4072,1
4073,2
4074,1
4076,1
4077,3
4079,1
4081,1
4082,1
4083,1
4084,1
4085,2
4086,1
4087,2
4088,2
4091,2
4093,1
4099,1
4102,1
4104,1
4106,1
4107,2
4110,1
4113,1
4114,1
4115,2
4116,1
4117,1
4118,1
4120,1
4122,3
4124,1
4126,1
4132,1
4133,1
4135,1
4136,2
4138,1
4141,2
4142,1
4145,2
4148,1
4150,1
4153,1
4155,2
4156,1
4157,1
4158,1
4161,1
4162,2
4163,2
4164,2
4165,3
4167,1
4168,1
4169,1
4170,1
4171,1
4174,2
4175,1
4178,1
4179,2
4181,1
4183,1
4184,1
4185,1
4186,1
4187,5
4188,1
4189,1
4191,3
4192,1
4196,2
4197,3
4199,3
4200,2
4202,1
4204,1
4205,1
4206,3
4207,2
4208,3
4209,1
4210,1
4211,3
4212,2
4213,1
4215,2
4217,1
4218,1
4219,1
4220,1
4223,2
4225,1
4227,1
4230,1
4231,1
4232,1
4238,2
4239,2
4240,1
4242,1
4244,1
4245,1
4248,2
4249,2
4250,1
4253,2
4255,1
4256,3
4259,1
4261,1
4263,1
4264,2
4265,2
4266,1
4268,1
4269,1
4271,2
4272,1
4279,1
4281,1
4282,1
4283,2
4284,2
4285,1
4286,1
4287,2
4288,1
4293,2
4294,1
4296,2
4298,1
4299,3
4301,1
4303,1
4307,2
4308,1
4309,1
4312,1
4313,1
4314,1
4317,1
4319,1
4322,1
4323,1
4324,1
4326,2
4329,2
4330,1
4331,2
4332,1
4333,1
4336,1
4338,2
4339,1
4340,1
4342,2
4344,2
4345,2
4349,1
4351,1
4353,3
4354,2
4355,2
4357,3
4358,1
4360,2
4361,1
4362,2
4363,1
4366,1
4367,1
4369,1
4370,1
4372,1
4373,1
4374,1
4375,2
4378,1
4380,2
4385,1
4387,1
4388,1
4390,1
4393,2
4396,1
4399,2
4400,1
4402,1
4404,3
4406,1
4407,1
4408,1
4412,1
4413,1
4414,1
4415,2
4416,1
4417,1
4418,1
4419,1
4420,1
4422,1
4423,1
4424,1
4425,1
4427,1
4428,2
4429,1
4431,1
4432,2
4434,1
4437,2
4438,1
4441,1
4445,3
4446,1
4453,1
4454,1
4458,1
4459,1
4460,1
4461,2
4462,1
4464,1
4465,1
4467,1
4468,1
4475,1
4477,1
4479,1
4482,1
4485,1
4488,1
4490,1
4491,2
4495,1
4496,1
4500,1
4502,2
4504,1
4505,2
4506,2
4507,1
4508,1
4509,1
4511,2
4512,1
4514,1
4518,1
4522,1
4525,1
4526,1
4527,1
4530,1
4531,2
4532,2
4534,2
4537,1
4542,2
4543,1
4548,1
4549,1
4550,1
4551,1
4552,1
4553,1
4555,1
4556,1
4557,3
4558,2
4559,1
4560,2
4561,1
4562,1
4564,1
4569,3
4576,1
4577,1
4578,1
4579,1
4580,1
4581,1
4583,1
4585,1
4587,1
4593,2
4595,1
4596,1
4598,1
4599,1
4604,1
4606,3
4607,1
4610,1
4611,1
4612,2
4613,1
4614,3
4615,1
4620,3
4624,2
4625,3
4626,1
4627,1
4631,1
4634,1
4635,1
4639,1
4640,2
4643,1
4651,1
4655,1
4657,1
4658,3
4659,1
4660,1
4661,1
4669,1
4672,1
4676,1
4677,1
4678,2
4680,2
4681,1
4684,1
4685,3
4687,1
4688,1
4690,2
4691,1
4694,1
4696,1
4698,1
4699,2
4700,1
4702,1
4703,1
4706,1
4707,1
4708,1
4709,1
4716,1
4718,1
4719,2
4720,2
4723,1
4726,4
4728,1
4733,1
4734,2
4738,1
4741,1
4743,1
4744,3
4747,1
4755,1
4756,2
4757,1
4759,1
4761,1
4765,1
4770,1
4775,1
4777,1
4779,1
4781,1
4782,1
4785,2
4786,1
4789,3
4790,1
4792,2
4793,2
4795,1
4797,2
4798,1
4800,1
4801,1
4802,2
4804,1
4806,1
4807,1
4808,2
4815,3
4819,1
4820,1
4823,3
4825,1
4832,1
4833,2
4834,1
4839,2
4841,1
4842,2
4843,1
4845,1
4846,1
4847,2
4848,1
4849,2
4850,1
4852,1
4855,1
4859,2
4860,2
4867,1
4868,2
4871,1
4872,1
4876,2
4878,1
4879,1
4884,1
4885,2
4888,3
4889,3
4892,1
4894,1
4896,1
4898,2
4903,1
4904,2
4906,1
4908,1
4910,2
4911,4
4912,1
4913,1
4915,2
4918,1
4922,1
4923,1
4927,1
4930,1
4932,1
4937,1
4939,1
4943,1
4945,1
4946,1
4947,1
4950,2
4953,2
4954,3
4957,2
4962,2
4964,1
4965,1
4967,1
4968,1
4971,1
4972,1
4973,1
4974,1
4976,3
4977,1
4981,1
4983,1
4984,2
4988,2
4989,1
4990,1
4993,1
4998,1
4999,1
5000,2
5002,1
5006,1
5007,1
5008,1
5009,1
5012,1
5014,1
5015,2
5017,1
5023,1
5024,1
5025,1
5028,1
5029,1
5033,1
5034,1
5036,1
5045,2
5048,1
5051,1
5053,2
5054,1
5055,1
5065,1
5066,2
5074,1
5079,1
5083,1
5086,1
5089,2
5090,1
5093,2
5096,1
5098,1
5105,1
5111,2
5113,1
5118,1
5119,1
5120,1
5121,2
5122,3
5123,1
5127,1
5131,1
5135,2
5136,1
5137,1
5138,1
5139,1
5140,1
5144,2
5151,1
5152,2
5155,1
5157,1
5159,1
5160,1
5162,1
5164,1
5165,2
5167,1
5169,1
5170,1
5171,1
5176,1
5179,1
5180,1
5182,1
5183,1
5184,2
5186,1
5190,1
5192,1
5194,5
5197,1
5199,2
5202,1
5204,1
5205,1
5216,2
5219,1
5230,3
5234,1
5236,3
5238,1
5239,1
5240,2
5241,1
5243,2
5244,1
5248,2
5252,1
5260,1
5267,3
5271,1
5272,1
5276,1
5277,2
5280,1
5287,2
5288,1
5294,1
5296,2
5299,2
5301,1
5303,2
5304,1
5306,2
5308,1
5310,1
5312,1
5313,1
5315,1
5319,1
5320,1
5322,1
5324,2
5325,1
5328,1
5330,1
5334,1
5335,1
5336,1
5338,1
5342,1
5343,1
5345,1
5346,1
5348,2
5349,1
5350,1
5353,1
5355,1
5356,1
5358,1
5362,2
5364,3
5369,1
5377,1
5379,1
5381,1
5382,1
5383,1
5385,1
5386,2
5388,1
5390,1
5398,1
5405,1
5407,1
5408,2
5411,1
5412,1
5415,1
5423,1
5424,1
5427,1
5428,1
5429,1
5431,1
5432,1
5434,1
5435,1
5436,1
5440,2
5441,1
5442,1
5444,1
5445,1
5446,1
5447,1
5449,1
5450,1
5452,1
5457,2
5459,1
5463,1
5464,1
5466,1
5468,2
5470,1
5472,1
5474,1
5477,1
5478,2
5481,1
5484,1
5505,1
5506,1
5508,1
5514,1
5515,1
5516,1
5517,1
5520,1
5524,1
5526,3
5529,1
5530,1
5537,1
5538,2
5540,2
5542,2
5543,1
5545,1
5546,1
5550,1
5552,2
5556,1
5557,2
5559,1
5560,1
5562,1
5570,1
5573,1
5575,1
5576,1
5579,1
5580,1
5581,1
5582,1
5592,1
5598,1
5605,1
5606,1
5607,1
5609,1
5611,1
5612,2
5614,1
5615,1
5619,1
5620,1
5623,1
5627,1
5631,2
5632,1
5633,1
5638,1
5639,2
5640,1
5641,1
5642,1
5645,1
5649,1
5654,2
5656,1
5660,1
5661,1
5672,2
5674,1
5675,1
5677,2
5679,1
5687,1
5688,2
5689,1
5693,1
5696,1
5698,1
5699,1
5702,2
5704,2
5706,1
5711,1
5714,1
5716,1
5720,1
5721,3
5723,1
5724,1
5726,1
5727,1
5728,1
5729,1
5731,1
5734,1
5735,1
5736,1
5737,1
5740,1
5741,1
5746,1
5752,1
5754,2
5755,1
5758,2
5765,1
5767,1
5771,1
5779,2
5780,1
5784,1
5787,1
5789,2
5793,2
5795,1
5798,2
5803,1
5809,1
5811,1
5812,2
5815,1
5821,2
5826,1
5829,1
5832,1
5833,1
5843,1
5845,2
5849,1
5855,1
5863,1
5867,1
5875,1
5884,2
5886,2
5887,1
5888,1
5891,1
5892,1
5893,1
5896,1
5897,2
5902,1
5903,1
5904,1
5906,2
5907,1
5909,1
5914,1
5915,1
5916,1
5918,1
5919,1
5920,1
5922,2
5924,1
5925,1
5926,1
5928,1
5929,1
5935,1
5940,1
5942,1
5945,1
5948,1
5949,2
5952,1
5957,1
5964,1
5967,1
5970,1
5978,2
5982,1
5983,2
5984,1
5990,1
5994,1
5996,3
6005,1
6006,1
6012,1
6019,1
6020,2
6028,1
6032,1
6034,2
6044,2
6047,1
6052,1
6053,1
6058,1
6060,2
6062,3
6065,1
6067,1
6070,1
6077,1
6085,3
6086,1
6090,1
6095,1
6099,1
6102,1
6106,1
6108,1
6109,1
6112,1
6113,1
6114,1
6117,2
6119,2
6121,1
6131,1
6133,1
6135,1
6136,1
6137,1
6142,1
6143,1
6145,1
6148,1
6158,1
6168,1
6174,1
6175,1
6181,1
6187,1
6193,2
6195,1
6196,1
6199,1
6202,1
6205,1
6206,1
6207,1
6217,1
6218,1
6223,2
6227,2
6229,3
6230,1
6232,1
6242,1
6247,1
6251,1
6254,1
6258,2
6261,2
6262,1
6268,2
6269,1
6275,2
6277,1
6279,2
6281,2
6294,1
6300,1
6303,1
6304,1
6305,1
6307,1
6310,1
6312,1
6314,1
6318,1
6326,1
6331,1
6332,1
6337,1
6341,1
6345,1
6354,1
6356,2
6357,2
6358,1
6360,1
6363,1
6365,1
6368,1
6371,2
6373,1
6375,1
6377,1
6382,1
6383,1
6397,1
6398,1
6402,1
6405,1
6406,1
6407,1
6412,1
6414,1
6416,1
6419,1
6421,2
6429,2
6431,3
6432,1
6440,1
6441,1
6443,1
6449,1
6456,1
6459,1
6461,1
6462,1
6463,1
6464,2
6471,1
6472,1
6480,2
6485,1
6498,1
6500,1
6502,1
6505,1
6508,1
6512,1
6522,1
6525,1
6526,1
6533,1
6536,1
6537,2
6539,1
6540,1
6547,2
6555,1
6560,3
6561,1
6563,2
6574,1
6582,1
6583,1
6585,1
6592,1
6606,1
6615,1
6617,1
6625,1
6626,1
6638,1
6641,1
6643,1
6645,1
6648,1
6649,2
6650,1
6651,1
6654,1
6662,1
6668,1
6670,1
6671,1
6673,1
6674,1
6687,2
6696,1
6698,1
6699,1
6701,1
6704,1
6714,1
6715,1
6718,1
6720,1
6724,1
6730,1
6733,1
6734,1
6738,1
6740,1
6742,1
6748,1
6750,1
6752,2
6754,1
6756,1
6757,1
6761,1
6769,1
6771,1
6773,1
6774,1
6779,1
6780,2
6781,1
6782,2
6784,1
6801,1
6803,1
6808,1
6810,1
6813,1
6816,1
6819,1
6821,1
6827,1
6833,1
6836,1
6839,1
6847,1
6851,1
6852,1
6853,1
6861,1
6865,1
6871,1
6872,1
6876,1
6884,1
6890,1
6891,1
6895,1
6900,1
6906,1
6916,1
6918,2
6921,1
6923,1
6931,2
6932,1
6933,1
6937,1
6944,1
6949,1
6950,1
6954,1
6956,1
6957,1
6959,1
6962,1
6963,1
6965,1
6967,1
6974,1
6987,1
6998,2
7001,1
7003,1
7005,2
7009,1
7010,1
7013,1
7036,1
7040,1
7044,1
7053,1
7056,1
7065,2
7081,1
7082,1
7085,1
7089,1
7090,1
7097,1
7099,1
7101,1
7102,1
7104,1
7107,1
7113,2
7115,1
7121,1
7137,1
7148,1
7149,1
7152,1
7157,2
7172,1
7177,2
7185,1
7186,1
7191,1
7206,1
7209,1
7215,1
7227,1
7232,1
7235,1
7237,1
7245,1
7248,1
7253,1
7255,1
7264,1
7268,1
7269,1
7281,1
7283,1
7284,1
7285,2
7286,1
7292,1
7294,1
7304,1
7305,1
7307,2
7311,1
7314,1
7328,1
7334,1
7337,3
7340,1
7351,1
7354,1
7363,1
7370,1
7374,1
7375,1
7383,1
7385,1
7386,1
7388,1
7389,1
7390,1
7400,1
7404,1
7406,1
7410,1
7411,1
7419,1
7426,1
7429,1
7435,1
7450,1
7454,2
7455,1
7467,1
7470,1
7471,2
7477,1
7478,1
7479,1
7481,2
7482,1
7489,2
7501,1
7506,1
7515,1
7517,1
7534,1
7542,1
7546,2
7560,1
7576,2
7589,1
7607,2
7608,1
7609,1
7610,1
7613,1
7620,1
7624,1
7627,1
7643,1
7646,1
7648,1
7657,1
7665,1
7677,1
7681,1
7683,2
7684,1
7688,2
7693,1
7696,1
7697,1
7699,1
7702,1
7712,2
7715,1
7716,1
7719,1
7720,1
7727,1
7730,1
7734,1
7737,1
7741,1
7762,1
7767,1
7775,1
7779,1
7794,1
7795,1
7799,1
7812,1
7813,2
7814,1
7823,1
7830,1
7841,1
7858,3
7881,1
7882,1
7884,1
7888,1
7900,1
7901,1
7907,1
7908,1
7915,1
7922,1
7930,1
7935,1
7939,1
7941,1
7948,1
7953,1
7988,1
7992,2
7994,3
8011,1
8019,1
8020,1
8035,1
8039,1
8040,1
8049,1
8059,1
8068,1
8070,1
8077,1
8078,1
8081,1
8084,1
8092,1
8100,1
8105,1
8115,1
8123,1
8124,1
8127,1
8134,1
8140,1
8142,1
8143,1
8144,1
8145,1
8153,1
8168,1
8169,1
8174,1
8176,1
8184,1
8189,1
8193,1
8195,2
8202,2
8209,1
8213,1
8228,1
8234,1
8236,1
8240,1
8242,1
8244,1
8273,1
8280,1
8281,1
8290,1
8295,1
8304,1
8315,1
8321,1
8332,1
8343,1
8346,1
8353,1
8357,1
8371,1
8386,1
8395,1
8400,1
8413,1
8416,1
8421,1
8423,1
8428,1
8432,1
8438,1
8442,1
8447,1
8452,1
8484,1
8500,1
8502,2
8507,1
8512,1
8514,1
8517,1
8522,1
8537,1
8541,1
8542,1
8548,1
8549,1
8554,1
8556,1
8567,1
8573,1
8577,1
8579,1
8589,1
8593,1
8606,1
8611,1
8616,1
8619,1
8625,1
8626,1
8637,1
8641,1
8667,1
8669,2
8678,1
8684,1
8688,2
8704,1
8714,1
8715,1
8722,1
8731,1
8732,1
8752,1
8758,1
8766,1
8773,1
8774,1
8787,1
8820,1
8821,1
8832,1
8834,1
8844,1
8848,1
8867,1
8878,1
8879,1
8900,1
8915,1
8920,2
8925,1
8928,1
8930,1
8943,1
8969,1
8975,1
8978,1
8985,1
8997,1
9000,1
9001,1
9009,1
9016,1
9033,1
9039,1
9053,1
9072,1
9078,1
9102,1
9116,1
9123,1
9132,1
9133,1
9137,1
9143,1
9196,1
9204,1
9209,1
9214,1
9223,1
9229,1
9231,1
9249,1
9254,1
9255,1
9264,1
9279,1
9283,1
9293,1
9297,3
9300,1
9312,1
9325,1
9329,1
9330,1
9332,1
9345,1
9346,1
9356,1
9359,1
9361,1
9368,1
9369,1
9380,1
9388,1
9396,1
9401,1
9406,2
9409,1
9437,1
9448,1
9453,1
9454,1
9459,1
9466,1
9471,1
9480,1
9491,1
9496,1
9498,1
9499,1
9502,1
9508,1
9528,2
9530,1
9542,1
9547,1
9558,1
9574,1
9582,1
9591,1
9592,1
9594,1
9601,1
9606,1
9620,2
9623,1
9626,1
9637,1
9642,1
9654,1
9662,1
9687,1
9688,1
9689,1
9711,1
9713,2
9758,1
9759,1
9764,1
9772,1
9777,1
9793,1
9794,1
9816,1
9839,1
9841,1
9862,1
9878,1
9881,1
9887,1
9936,1
9945,1
9959,1
9961,1
9978,1
10009,1
10028,1
10029,1
10030,1
10049,2
10050,1
10068,1
10073,1
10074,1
10100,1
10137,1
10150,1
10155,1
10161,1
10167,1
10190,1
10237,1
10267,1
10281,1
10305,1
10331,1
10333,1
10388,1
10394,2
10414,1
10437,1
10474,1
10483,1
10493,1
10498,1
10508,2
10527,2
10558,1
10593,1
10644,1
10646,1
10649,1
10684,1
10689,1
10692,1
10744,1
10771,1
10813,1
10834,1
10844,1
10885,1
10889,1
10912,1
10947,1
10966,1
10974,1
10976,1
10991,1
11001,1
11018,1
11024,1
11043,1
11053,1
11089,1
11096,1
11113,1
11116,1
11124,1
11149,1
11150,1
11161,1
11165,1
11176,1
11180,1
11199,1
11209,1
11223,1
11276,1
11279,1
11310,1
11319,1
11335,1
11339,1
11340,1
11354,1
11366,1
11384,2
11421,1
11422,1
11495,1
11499,1
11502,1
11514,1
11534,1
11540,1
11543,1
11545,1
11548,1
11555,1
11569,1
11595,1
11609,1
11702,1
11752,1
11757,1
11767,1
11774,1
11794,1
11810,1
11845,1
11924,1
11943,1
11972,1
11983,1
11994,1
12003,1
12007,1
12024,1
12027,1
12028,1
12056,1
12060,1
12157,1
12163,1
12286,1
12303,1
12383,1
12392,1
12404,1
12416,1
12469,1
12521,1
12529,1
12536,1
12553,1
12561,1
12583,1
12622,1
12647,1
12656,1
12670,1
12740,1
12747,2
12763,1
12807,1
12828,1
12858,1
12890,1
12906,1
12909,1
12913,1
12927,1
12936,1
12981,1
12995,1
13083,1
13097,1
13098,1
13110,1
13145,1
13181,1
13183,1
13190,1
13268,1
13270,1
13308,1
13334,1
13350,1
13355,1
13359,1
13380,1
13388,1
13392,1
13402,1
13417,1
13456,1
13462,1
13499,1
13513,1
13526,1
13560,1
13571,1
13577,1
13600,1
13685,2
13704,1
13798,1
13806,1
13837,1
13928,1
13970,1
13978,1
14002,1
14021,1
14053,1
14079,1
14080,1
14142,1
14190,1
14309,1
14319,1
14344,1
14361,1
14365,1
14367,1
14372,1
14542,1
14550,1
14589,1
14590,1
14602,1
14655,1
14700,1
14766,1
14779,1
14802,1
14859,1
14864,1
14915,1
14924,1
14966,1
15047,1
15057,1
15077,1
15101,1
15113,1
15167,1
15194,1
15214,1
15218,1
15248,1
15284,1
15307,1
15349,1
15657,1
15749,1
15778,1
15796,1
15819,1
15820,1
15861,1
15911,1
16062,1
16141,1
16227,1
16241,2
16263,1
16336,1
16578,1
16584,1
16646,1
16689,1
16806,1
16857,1
16920,1
16939,1
16960,1
17038,1
17089,1
17192,1
17283,1
17379,1
17422,1
17456,1
17496,1
17603,1
17608,1
17777,1
17830,1
17915,1
17958,1
17972,1
17976,1
18048,1
18086,1
18119,1
18122,1
18185,1
18198,1
18309,1
18349,1
18640,1
18648,1
18864,1
18940,1
19023,1
19241,1
19304,1
19305,1
19365,1
19526,1
19763,1
19801,1
19810,1
19882,1
20035,1
20064,1
20298,1
20300,1
20389,1
20408,1
20502,1
20848,1
20856,1
20913,1
20962,1
21311,1
21397,1
22248,1
22370,1
22477,1
22709,1
22886,1
22923,1
23040,1
23046,1
24177,1
24225,1
24382,1
24535,1
24679,1
24900,1
25203,1
25334,1
25367,1
25416,1
25805,1
25842,1
25853,1
26796,1
26815,1
27542,1
27813,1
27815,1
28099,1
28180,1
28195,1
28653,1
28772,1
28858,1
29416,1
30415,1
30442,1
30623,1
32123,1
32678,1
32691,1
33118,1
34394,1
34689,1
35347,1
36454,1
36551,1
36846,1
38602,1
40919,1
41992,1
46140,1
57911,1
